	468	601	762	1192	2471	2789	3395	3420	3903	4377	4472	5481	6799	7287	7303	7346	7371	7392	7926	8295
2DL4*0010201	-1	-1	-1	-1	-1	-1	-1	-1	-1	-1	-1	-1	-1	-1	-1	-1	-1	-1	-1	-1
2DL4*00501	1	-1	-1	-1	-1	-1	-1	-1	-1	-1	-1	-1	-1	-1	1	-1	-1	1	1	-1
2DL4*00602	1	-1	1	-1	-1	-1	-1	-1	-1	-1	-1	-1	-1	-1	-1	-1	1	1	1	-1
2DL4*0080101	1	1	-1	1	-1	-1	1	-1	1	1	1	1	1	-1	-1	1	1	-1	-1	-1
2DL4*0080103	-1	-1	1	-1	1	-1	-1	1	-1	-1	-1	-1	-1	1	1	-1	-1	1	1	1
2DL4*0080105	1	1	-1	1	-1	-1	1	-1	1	1	1	1	1	-1	-1	1	1	-1	-1	-1
2DL4*0080201	-1	-1	1	-1	1	-1	-1	1	-1	-1	-1	-1	-1	1	1	-1	-1	1	1	1
2DL4*0080202	1	1	-1	1	-1	-1	1	-1	1	1	1	1	1	-1	-1	-1	1	-1	-1	-1
2DL4*0080203	-1	-1	1	-1	1	-1	-1	1	-1	-1	-1	-1	-1	1	1	-1	-1	1	1	-1
2DL4*0080204	-1	-1	1	-1	1	-1	-1	1	-1	-1	-1	-1	-1	1	1	-1	-1	1	1	1
2DL4*00901	-1	-1	1	-1	1	1	-1	1	-1	-1	-1	-1	-1	1	1	-1	-1	1	1	1
2DL4*00902						1														
2DL4*011	1	-1	-1	-1	-1	-1	-1	-1	-1	-1	-1	-1	-1	-1	-1	-1	-1	-1	-1	-1
2DL4*027						-1														
