	468	601	762	1192	2471	2789	3395	3420	3903	4377	4472	5481	6799	7287	7303	7346	7371	7392	7926	8295
2DL4*0080101_1060_2395_0_1_0_0_0:0:0_0:0:0_11e				1	-1	-1	1	-1												
2DL4*0080101_1102_2496_0_1_0_0_0:0:0_0:0:0_6e				1	-1	-1	1	-1												
2DL4*0080101_1110_2539_0_1_0_0_0:0:0_0:0:0_69				1	-1	-1	1	-1	1											
2DL4*0080101_1124_2568_0_1_0_0_0:0:0_0:0:0_b5				1	-1	-1	1	-1	1											
2DL4*0080101_1160_2474_0_1_0_0_0:0:0_0:0:0_10d					-1	-1	1	-1												
2DL4*0080101_1221_2552_0_1_0_0_0:0:0_0:0:0_105					-1	-1	1	-1	1											
2DL4*0080101_1246_2633_0_1_0_0_0:0:0_0:0:0_39					-1	-1	1	-1	1											
2DL4*0080101_1295_2664_0_1_0_0_0:0:0_0:0:0_a0					-1	-1	1	-1	1											
2DL4*0080101_1352_2730_0_1_0_0_0:0:0_0:0:0_ee					-1	-1	1	-1	1											
2DL4*0080101_1431_76_1_0_0_0_0:0:0_0:0:0_41	1	1	-1	1	-1	-1														
2DL4*0080101_1443_20_1_0_0_0_0:0:0_0:0:0_c0	1	1	-1	1	-1	-1														
2DL4*0080101_1477_137_1_0_0_0_0:0:0_0:0:0_1f	1	1	-1	1	-1	-1														
2DL4*0080101_1478_97_1_0_0_0_0:0:0_0:0:0_11	1	1	-1	1	-1	-1														
2DL4*0080101_1498_2977_0_1_0_0_0:0:0_0:0:0_3b					-1	-1	1	-1	1	1										
2DL4*0080101_1500_2851_0_1_0_0_0:0:0_0:0:0_5c					-1	-1	1	-1	1											
2DL4*0080101_1523_172_1_0_0_0_0:0:0_0:0:0_d4	1	1	-1	1	-1	-1														
2DL4*0080101_1606_272_1_0_0_0_0:0:0_0:0:0_118	1	1	-1	1	-1	-1														
2DL4*0080101_1622_3020_0_1_0_0_0:0:0_0:0:0_9c					-1	-1	1	-1	1	1										
2DL4*0080101_1653_299_1_0_0_0_0:0:0_0:0:0_ea	1	1	-1	1	-1	-1														
2DL4*0080101_1727_371_1_0_0_0_0:0:0_0:0:0_56	1	1	-1	1	-1	-1														
2DL4*0080101_1739_3174_0_1_0_0_0:0:0_0:0:0_be					-1	-1	1	-1	1	1	1									
2DL4*0080101_1746_3077_0_1_0_0_0:0:0_0:0:0_cf					-1	-1	1	-1	1	1	1									
2DL4*0080101_1786_451_1_0_0_0_0:0:0_0:0:0_114	1	1	-1	1	-1	-1														
2DL4*0080101_1806_460_1_0_0_0_0:0:0_0:0:0_8c	1	1	-1	1	-1	-1														
2DL4*0080101_1830_3189_0_1_0_0_0:0:0_0:0:0_d					-1	-1	1	-1	1	1	1									
2DL4*0080101_1873_3336_0_1_0_0_0:0:0_0:0:0_28					-1	-1	1	-1	1	1	1									
2DL4*0080101_1879_3301_0_1_0_0_0:0:0_0:0:0_ab					-1	-1	1	-1	1	1	1									
2DL4*0080101_1909_506_1_0_0_0_0:0:0_0:0:0_21		1	-1	1	-1	-1														
2DL4*0080101_1949_3281_0_1_0_0_0:0:0_0:0:0_11f					-1	-1	1	-1	1	1	1									
2DL4*0080101_194_1523_0_1_0_0_0:0:0_0:0:0_11b	1	1	-1	1	-1	-1														
2DL4*0080101_195_1577_0_1_0_0_0:0:0_0:0:0_36	1	1	-1	1	-1	-1														
2DL4*0080101_2012_687_1_0_0_0_0:0:0_0:0:0_26			-1	1	-1	-1	1													
2DL4*0080101_2044_3429_0_1_0_0_0:0:0_0:0:0_86					-1	-1	1	-1	1	1	1									
2DL4*0080101_2076_652_1_0_0_0_0:0:0_0:0:0_d7			-1	1	-1	-1	1	-1												
2DL4*0080101_2089_762_1_0_0_0_0:0:0_0:0:0_a3				1	-1	-1	1	-1												
2DL4*0080101_2126_784_1_0_0_0_0:0:0_0:0:0_ac				1	-1	-1	1	-1												
2DL4*0080101_2133_3492_0_1_0_0_0:0:0_0:0:0_a4					-1	-1	1	-1	1	1	1									
2DL4*0080101_2146_3520_0_1_0_0_0:0:0_0:0:0_e1					-1	-1	1	-1	1	1	1									
2DL4*0080101_2160_3533_0_1_0_0_0:0:0_0:0:0_ff					-1	-1	1	-1	1	1	1									
2DL4*0080101_2220_3640_0_1_0_0_0:0:0_0:0:0_d8					-1	-1	1	-1	1	1	1									
2DL4*0080101_2246_3573_0_1_0_0_0:0:0_0:0:0_94					-1	-1	1	-1	1	1	1									
2DL4*0080101_2309_3705_0_1_0_0_0:0:0_0:0:0_e3					-1	-1	1	-1	1	1	1									
2DL4*0080101_2337_3682_0_1_0_0_0:0:0_0:0:0_a5					-1	-1	1	-1	1	1	1									
2DL4*0080101_2363_977_1_0_0_0_0:0:0_0:0:0_db				1	-1	-1	1	-1												
2DL4*0080101_2395_930_1_0_0_0_0:0:0_0:0:0_57				1	-1	-1	1	-1												
2DL4*0080101_2445_1055_1_0_0_0_0:0:0_0:0:0_e2				1		-1	1	-1												
2DL4*0080101_2518_3921_0_1_0_0_0:0:0_0:0:0_c7						-1	1	-1	1	1	1									
2DL4*0080101_2526_1152_1_0_0_0_0:0:0_0:0:0_43				1	-1	-1	1	-1	1											
2DL4*0080101_2555_3817_0_1_0_0_0:0:0_0:0:0_fe						-1	1	-1	1	1	1									
2DL4*0080101_2563_1151_1_0_0_0_0:0:0_0:0:0_3a				1	-1	-1	1	-1	1											
2DL4*0080101_2571_3865_0_1_0_0_0:0:0_0:0:0_64						-1	1	-1	1	1	1									
2DL4*0080101_258_1628_0_1_0_0_0:0:0_0:0:0_ad	1	1	-1	1	-1	-1														
2DL4*0080101_2599_1233_1_0_0_0_0:0:0_0:0:0_33					-1	-1	1	-1	1											
2DL4*0080101_264_1672_0_1_0_0_0:0:0_0:0:0_73	1	1	-1	1	-1	-1														
2DL4*0080101_2692_1332_1_0_0_0_0:0:0_0:0:0_67					-1	-1	1	-1	1											
2DL4*0080101_2698_4052_0_1_0_0_0:0:0_0:0:0_10b						-1	1	-1	1	1	1									
2DL4*0080101_2705_1310_1_0_0_0_0:0:0_0:0:0_119					-1	-1	1	-1	1											
2DL4*0080101_2705_4085_0_1_0_0_0:0:0_0:0:0_f6						-1	1	-1	1	1	1	1								
2DL4*0080101_2707_4061_0_1_0_0_0:0:0_0:0:0_22						-1	1	-1	1	1	1									
2DL4*0080101_2743_1401_1_0_0_0_0:0:0_0:0:0_74					-1	-1	1	-1	1											
2DL4*0080101_2764_1334_1_0_0_0_0:0:0_0:0:0_27					-1		1	-1	1											
2DL4*0080101_2782_4138_0_1_0_0_0:0:0_0:0:0_bc							1	-1	1	1	1	1								
2DL4*0080101_2792_4070_0_1_0_0_0:0:0_0:0:0_b2							1	-1	1	1	1									
2DL4*0080101_2794_4162_0_1_0_0_0:0:0_0:0:0_5							1	-1	1	1	1	1								
2DL4*0080101_2817_4170_0_1_0_0_0:0:0_0:0:0_d5							1	-1	1	1	1	1								
2DL4*0080101_2819_1503_1_0_0_0_0:0:0_0:0:0_82					-1	-1	1	-1	1											
2DL4*0080101_2837_1425_1_0_0_0_0:0:0_0:0:0_72					-1	-1	1	-1	1											
2DL4*0080101_2877_1553_1_0_0_0_0:0:0_0:0:0_a1					-1	-1	1	-1	1											
2DL4*0080101_2929_4284_0_1_0_0_0:0:0_0:0:0_4f							1	-1	1	1	1	1								
2DL4*0080101_2940_1563_1_0_0_0_0:0:0_0:0:0_87					-1	-1	1	-1	1											
2DL4*0080101_2944_4301_0_1_0_0_0:0:0_0:0:0_83							1	-1	1	1	1	1								
2DL4*0080101_2953_1534_1_0_0_0_0:0:0_0:0:0_49					-1	-1	1	-1	1											
2DL4*0080101_3029_4418_0_1_0_0_0:0:0_0:0:0_32							1	-1	1	1	1	1								
2DL4*0080101_3039_1707_1_0_0_0_0:0:0_0:0:0_ef					-1	-1	1	-1	1	1										
2DL4*0080101_3045_1656_1_0_0_0_0:0:0_0:0:0_a6					-1	-1	1	-1	1	1										
2DL4*0080101_30_1317_0_1_0_0_0:0:0_0:0:0_cc	1	1	-1	1	-1															
2DL4*0080101_30_1375_0_1_0_0_0:0:0_0:0:0_cb	1	1	-1	1	-1															
2DL4*0080101_3129_4425_0_1_0_0_0:0:0_0:0:0_f							1	-1	1	1	1	1								
2DL4*0080101_3170_4596_0_1_0_0_0:0:0_0:0:0_9e							1	-1	1	1	1	1								
2DL4*0080101_3181_1882_1_0_0_0_0:0:0_0:0:0_70					-1	-1	1	-1	1	1	1									
2DL4*0080101_3182_4525_0_1_0_0_0:0:0_0:0:0_f7							1	-1	1	1	1	1								
2DL4*0080101_3199_4639_0_1_0_0_0:0:0_0:0:0_55							1	-1	1	1	1	1								
2DL4*0080101_3204_4630_0_1_0_0_0:0:0_0:0:0_2e							1	-1	1	1	1	1								
2DL4*0080101_3212_1811_1_0_0_0_0:0:0_0:0:0_3f					-1	-1	1	-1	1	1	1									
2DL4*0080101_3216_4615_0_1_0_0_0:0:0_0:0:0_35							1	-1	1	1	1	1								
2DL4*0080101_3248_4634_0_1_0_0_0:0:0_0:0:0_12							1	-1	1	1	1	1								
2DL4*0080101_3256_1929_1_0_0_0_0:0:0_0:0:0_e6					-1	-1	1	-1	1	1	1									
2DL4*0080101_3268_4656_0_1_0_0_0:0:0_0:0:0_25							1	-1	1	1	1	1								
2DL4*0080101_3302_4736_0_1_0_0_0:0:0_0:0:0_c							1	-1	1	1	1	1								
2DL4*0080101_3370_2005_1_0_0_0_0:0:0_0:0:0_7d					-1	-1	1	-1	1	1	1									
2DL4*0080101_3381_4797_0_1_0_0_0:0:0_0:0:0_d0								-1	1	1	1	1								
2DL4*0080101_3390_1967_1_0_0_0_0:0:0_0:0:0_c6					-1	-1			1	1	1									
2DL4*0080101_3417_2054_1_0_0_0_0:0:0_0:0:0_1a					-1	-1	1	-1	1	1	1									
2DL4*0080101_3419_4755_0_1_0_0_0:0:0_0:0:0_8e									1	1	1	1								
2DL4*0080101_3433_2094_1_0_0_0_0:0:0_0:0:0_81					-1	-1	1	-1	1	1	1									
2DL4*0080101_343_1684_0_1_0_0_0:0:0_0:0:0_48	1	1	-1	1	-1	-1														
2DL4*0080101_3444_2146_1_0_0_0_0:0:0_0:0:0_7b					-1	-1	1	-1	1	1	1									
2DL4*0080101_3461_2108_1_0_0_0_0:0:0_0:0:0_100					-1	-1	1	-1	1	1	1									
2DL4*0080101_3480_4816_0_1_0_0_0:0:0_0:0:0_59									1	1	1	1								
2DL4*0080101_3500_4835_0_1_0_0_0:0:0_0:0:0_13									1	1	1	1								
2DL4*0080101_3505_4866_0_1_0_0_0:0:0_0:0:0_37									1	1	1	1								
2DL4*0080101_3521_2107_1_0_0_0_0:0:0_0:0:0_fb					-1	-1	1	-1	1	1	1									
2DL4*0080101_3541_4876_0_1_0_0_0:0:0_0:0:0_47									1	1	1	1								
2DL4*0080101_3584_2277_1_0_0_0_0:0:0_0:0:0_bb					-1	-1	1	-1	1	1	1									
2DL4*0080101_3595_4898_0_1_0_0_0:0:0_0:0:0_6b									1	1	1	1								
2DL4*0080101_3628_5068_0_1_0_0_0:0:0_0:0:0_b8									1	1	1	1								
2DL4*0080101_3634_5041_0_1_0_0_0:0:0_0:0:0_89									1	1	1	1								
2DL4*0080101_3663_2291_1_0_0_0_0:0:0_0:0:0_ae					-1	-1	1	-1	1	1	1									
2DL4*0080101_3707_2394_1_0_0_0_0:0:0_0:0:0_9					-1	-1	1	-1	1	1	1									
2DL4*0080101_3742_2447_1_0_0_0_0:0:0_0:0:0_38						-1	1	-1	1	1	1									
2DL4*0080101_3751_2395_1_0_0_0_0:0:0_0:0:0_a9					-1	-1	1	-1	1	1	1									
2DL4*0080101_3790_2511_1_0_0_0_0:0:0_0:0:0_1d						-1	1	-1	1	1	1									
2DL4*0080101_3835_5172_0_1_0_0_0:0:0_0:0:0_62									1	1	1	1								
2DL4*0080101_3837_2424_1_0_0_0_0:0:0_0:0:0_123					-1	-1	1	-1	1	1	1									
2DL4*0080101_3961_2505_1_0_0_0_0:0:0_0:0:0_7e						-1	1	-1	1	1	1									
2DL4*0080101_396_1670_0_1_0_0_0:0:0_0:0:0_76	1	1	-1	1	-1	-1														
2DL4*0080101_4060_5414_0_1_0_0_0:0:0_0:0:0_5f										1	1	1	1							
2DL4*0080101_4200_2851_1_0_0_0_0:0:0_0:0:0_95							1	-1	1	1	1	1								
2DL4*0080101_4202_2837_1_0_0_0_0:0:0_0:0:0_2							1	-1	1	1	1	1								
2DL4*0080101_4269_5644_0_1_0_0_0:0:0_0:0:0_52										1	1	1	1							
2DL4*0080101_4320_5660_0_1_0_0_0:0:0_0:0:0_30										1	1	1	1							
2DL4*0080101_4346_2985_1_0_0_0_0:0:0_0:0:0_58							1	-1	1	1	1	1								
2DL4*0080101_4363_3021_1_0_0_0_0:0:0_0:0:0_fd							1	-1	1	1	1	1								
2DL4*0080101_4388_2906_1_0_0_0_0:0:0_0:0:0_116							1	-1	1		1	1								
2DL4*0080101_4392_5798_0_1_0_0_0:0:0_0:0:0_10f											1	1	1							
2DL4*0080101_4402_3066_1_0_0_0_0:0:0_0:0:0_7f							1	-1	1	1	1	1								
2DL4*0080101_4422_3051_1_0_0_0_0:0:0_0:0:0_3d							1	-1	1	1	1	1								
2DL4*0080101_4454_5914_0_1_0_0_0:0:0_0:0:0_ba												1	1	-1	-1					
2DL4*0080101_4456_3115_1_0_0_0_0:0:0_0:0:0_17							1	-1	1	1	1	1								
2DL4*0080101_4486_3081_1_0_0_0_0:0:0_0:0:0_42							1	-1	1	1	1	1								
2DL4*0080101_453_1898_0_1_0_0_0:0:0_0:0:0_104	1	1	-1	1	-1	-1														
2DL4*0080101_4546_3147_1_0_0_0_0:0:0_0:0:0_2f							1	-1	1	1	1	1								
2DL4*0080101_4604_3185_1_0_0_0_0:0:0_0:0:0_120							1	-1	1	1	1	1								
2DL4*0080101_4605_5974_0_1_0_0_0:0:0_0:0:0_31												1	1	-1	-1	1	1			
2DL4*0080101_4607_3287_1_0_0_0_0:0:0_0:0:0_f2							1	-1	1	1	1	1								
2DL4*0080101_460_1819_0_1_0_0_0:0:0_0:0:0_ec	1	1	-1	1	-1	-1														
2DL4*0080101_4616_6001_0_1_0_0_0:0:0_0:0:0_2c												1	1	-1	-1	1	1	-1		
2DL4*0080101_4641_3335_1_0_0_0_0:0:0_0:0:0_29							1	-1	1	1	1	1								
2DL4*0080101_4660_6075_0_1_0_0_0:0:0_0:0:0_99												1	1	-1	-1	1	1	-1		
2DL4*0080101_4666_6069_0_1_0_0_0:0:0_0:0:0_10												1	1	-1	-1	1	1	-1		
2DL4*0080101_4712_6052_0_1_0_0_0:0:0_0:0:0_aa												1	1	-1	-1	1	1	-1		
2DL4*0080101_471_1813_0_1_0_0_0:0:0_0:0:0_d9		1	-1	1	-1	-1														
2DL4*0080101_4727_6115_0_1_0_0_0:0:0_0:0:0_124												1	1	-1	-1	1	1	-1		
2DL4*0080101_4745_6089_0_1_0_0_0:0:0_0:0:0_8d												1	1	-1	-1	1	1	-1		
2DL4*0080101_4767_3348_1_0_0_0_0:0:0_0:0:0_11c							1	-1	1	1	1	1								
2DL4*0080101_4782_3426_1_0_0_0_0:0:0_0:0:0_8									1	1	1	1								
2DL4*0080101_4809_6092_0_1_0_0_0:0:0_0:0:0_a2												1	1	-1	-1	1	1	-1		
2DL4*0080101_4815_6246_0_1_0_0_0:0:0_0:0:0_53												1	1	-1	-1	1	1	-1		
2DL4*0080101_4928_3546_1_0_0_0_0:0:0_0:0:0_71									1	1	1	1								
2DL4*0080101_4981_3629_1_0_0_0_0:0:0_0:0:0_1									1	1	1	1								
2DL4*0080101_5010_6304_0_1_0_0_0:0:0_0:0:0_d2												1	1	-1	-1	1	1	-1		
2DL4*0080101_5047_3632_1_0_0_0_0:0:0_0:0:0_d6									1	1	1	1								
2DL4*0080101_5074_6486_0_1_0_0_0:0:0_0:0:0_4a												1	1	-1	-1	1	1	-1		
2DL4*0080101_5115_6562_0_1_0_0_0:0:0_0:0:0_0												1	1	-1	-1	1	1	-1	-1	
2DL4*0080101_5274_6656_0_1_0_0_0:0:0_0:0:0_18												1	1	-1	-1	1	1	-1	-1	
2DL4*0080101_5282_6629_0_1_0_0_0:0:0_0:0:0_106												1	1	-1	-1	1	1	-1	-1	
2DL4*0080101_5301_6647_0_1_0_0_0:0:0_0:0:0_c1												1	1	-1	-1	1	1	-1	-1	
2DL4*0080101_5325_6695_0_1_0_0_0:0:0_0:0:0_40												1	1	-1	-1	1	1	-1	-1	
2DL4*0080101_5465_6838_0_1_0_0_0:0:0_0:0:0_10e													1	-1	-1	1	1	-1	-1	
2DL4*0080101_5490_4039_1_0_0_0_0:0:0_0:0:0_8a										1	1		1							
2DL4*0080101_5540_4269_1_0_0_0_0:0:0_0:0:0_a										1	1	1	1							
2DL4*0080101_5545_7022_0_1_0_0_0:0:0_0:0:0_5a													1	-1	-1	1	1	-1	-1	-1
2DL4*0080101_5559_6983_0_1_0_0_0:0:0_0:0:0_f4													1	-1	-1	1	1	-1	-1	-1
2DL4*0080101_556_1929_0_1_0_0_0:0:0_0:0:0_f9		1	-1	1	-1	-1														
2DL4*0080101_5677_4289_1_0_0_0_0:0:0_0:0:0_101										1	1	1	1							
2DL4*0080101_5679_7068_0_1_0_0_0:0:0_0:0:0_66													1	-1	-1	1	1	-1	-1	-1
2DL4*0080101_5681_6984_0_1_0_0_0:0:0_0:0:0_da													1	-1	-1	1	1	-1	-1	-1
2DL4*0080101_5715_4321_1_0_0_0_0:0:0_0:0:0_f0										1	1	1	1							
2DL4*0080101_5735_7048_0_1_0_0_0:0:0_0:0:0_113													1	-1	-1	1	1	-1	-1	-1
2DL4*0080101_5757_4381_1_0_0_0_0:0:0_0:0:0_112											1	1	1							
2DL4*0080101_5794_7181_0_1_0_0_0:0:0_0:0:0_3e													1	-1	-1	1	1	-1	-1	-1
2DL4*0080101_5844_7324_0_1_0_0_0:0:0_0:0:0_80													1				1	-1	-1	-1
2DL4*0080101_5848_7197_0_1_0_0_0:0:0_0:0:0_6													1	-1	-1	1	1	-1	-1	-1
2DL4*0080101_5869_7234_0_1_0_0_0:0:0_0:0:0_2d													1	-1	-1	1	1	-1	-1	-1
2DL4*0080101_5911_4469_1_0_0_0_0:0:0_0:0:0_12b												1	1	-1	-1					
2DL4*0080101_6002_7385_0_1_0_0_0:0:0_0:0:0_b9													1	-1	-1	1	1	-1	-1	-1
2DL4*0080101_6006_7372_0_1_0_0_0:0:0_0:0:0_df													1	-1	-1	1	1	-1	-1	-1
2DL4*0080101_6046_7373_0_1_0_0_0:0:0_0:0:0_54													1	-1	-1	1	1	-1	-1	-1
2DL4*0080101_6092_7407_0_1_0_0_0:0:0_0:0:0_2a													1	-1	-1	1	1	-1	-1	-1
2DL4*0080101_6128_4763_1_0_0_0_0:0:0_0:0:0_45												1	1	-1	-1	1	1	-1		
2DL4*0080101_6136_4770_1_0_0_0_0:0:0_0:0:0_98												1	1	-1	-1	1	1	-1		
2DL4*0080101_6141_7539_0_1_0_0_0:0:0_0:0:0_bd													1	-1	-1	1	1	-1	-1	-1
2DL4*0080101_6216_4831_1_0_0_0_0:0:0_0:0:0_44												1	1	-1	-1	1	1	-1		
2DL4*0080101_6266_7732_0_1_0_0_0:0:0_0:0:0_11a													1	-1	-1	1	1	-1	-1	-1
2DL4*0080101_6346_4971_1_0_0_0_0:0:0_0:0:0_6a												1	1	-1	-1	1	1	-1		
2DL4*0080101_6356_4977_1_0_0_0_0:0:0_0:0:0_111												1	1	-1	-1	1	1	-1		
2DL4*0080101_6377_5044_1_0_0_0_0:0:0_0:0:0_af												1	1	-1	-1	1	1	-1		
2DL4*0080101_6383_7798_0_1_0_0_0:0:0_0:0:0_77													1	-1	-1	1	1	-1	-1	-1
2DL4*0080101_6384_4970_1_0_0_0_0:0:0_0:0:0_cd												1	1	-1	-1	1	1	-1		
2DL4*0080101_6449_7845_0_1_0_0_0:0:0_0:0:0_107													1	-1	-1	1	1	-1	-1	-1
2DL4*0080101_6467_5148_1_0_0_0_0:0:0_0:0:0_b7												1	1	-1	-1	1	1	-1		
2DL4*0080101_6516_5208_1_0_0_0_0:0:0_0:0:0_34												1	1	-1	-1	1	1	-1		
2DL4*0080101_6545_7931_0_1_0_0_0:0:0_0:0:0_10a													1	-1	-1	1	1	-1	-1	-1
2DL4*0080101_6551_7943_0_1_0_0_0:0:0_0:0:0_65													1	-1	-1	1	1	-1	-1	-1
2DL4*0080101_6581_5281_1_0_0_0_0:0:0_0:0:0_121												1	1	-1	-1	1	1	-1	-1	
2DL4*0080101_6622_5256_1_0_0_0_0:0:0_0:0:0_88												1	1	-1	-1	1	1	-1	-1	
2DL4*0080101_6666_7954_0_1_0_0_0:0:0_0:0:0_eb													1	-1	-1	1	1	-1	-1	-1
2DL4*0080101_6726_8070_0_1_0_0_0:0:0_0:0:0_fa													1	-1	-1	1	1	-1	-1	-1
2DL4*0080101_6749_5342_1_0_0_0_0:0:0_0:0:0_b1												1	1	-1	-1	1	1	-1	-1	
2DL4*0080101_6757_8162_0_1_0_0_0:0:0_0:0:0_3													1	-1	-1	1	1	-1	-1	-1
2DL4*0080101_6777_8149_0_1_0_0_0:0:0_0:0:0_b4														-1	-1	1	1	-1	-1	-1
2DL4*0080101_6815_5405_1_0_0_0_0:0:0_0:0:0_4c												1	1	-1	-1	1	1	-1	-1	
2DL4*0080101_6866_5546_1_0_0_0_0:0:0_0:0:0_4b													1	-1	-1	1	1	-1	-1	
2DL4*0080101_6905_5506_1_0_0_0_0:0:0_0:0:0_4													1	-1	-1	1	1	-1	-1	-1
2DL4*0080101_6969_5563_1_0_0_0_0:0:0_0:0:0_127													1	-1	-1	1	1	-1	-1	-1
2DL4*0080101_696_2091_0_1_0_0_0:0:0_0:0:0_68			-1	1	-1	-1	1	-1												
2DL4*0080101_6995_8346_0_1_0_0_0:0:0_0:0:0_97														-1	-1	1	1	-1	-1	-1
2DL4*0080101_6998_8368_0_1_0_0_0:0:0_0:0:0_c9														-1	-1	1	1	-1	-1	-1
2DL4*0080101_702_2077_0_1_0_0_0:0:0_0:0:0_e4			-1	1	-1	-1	1	-1												
2DL4*0080101_709_2096_0_1_0_0_0:0:0_0:0:0_90			-1	1	-1	-1	1	-1												
2DL4*0080101_7101_5678_1_0_0_0_0:0:0_0:0:0_12a													1	-1	-1	1	1	-1	-1	-1
2DL4*0080101_7109_5788_1_0_0_0_0:0:0_0:0:0_9a													1	-1	-1	1	1	-1	-1	-1
2DL4*0080101_7139_8516_0_1_0_0_0:0:0_0:0:0_109														-1	-1	1	1	-1	-1	-1
2DL4*0080101_7167_8544_0_1_0_0_0:0:0_0:0:0_63														-1	-1	1	1	-1	-1	-1
2DL4*0080101_7167_8563_0_1_0_0_0:0:0_0:0:0_de														-1	-1	1	1	-1	-1	-1
2DL4*0080101_7232_8682_0_1_0_0_0:0:0_0:0:0_50														-1	-1	1	1	-1	-1	-1
2DL4*0080101_7240_5868_1_0_0_0_0:0:0_0:0:0_20													1	-1	-1	1	1	-1	-1	-1
2DL4*0080101_7251_8644_0_1_0_0_0:0:0_0:0:0_dc															-1	1	1	-1	-1	-1
2DL4*0080101_7253_8596_0_1_0_0_0:0:0_0:0:0_125															-1	1	1	-1	-1	-1
2DL4*0080101_7267_8583_0_1_0_0_0:0:0_0:0:0_9f																1	1	-1	-1	-1
2DL4*0080101_7277_8571_0_1_0_0_0:0:0_0:0:0_b3																1	1	-1	-1	-1
2DL4*0080101_7292_5914_1_0_0_0_0:0:0_0:0:0_5b													1	-1	-1	1	1	-1	-1	-1
2DL4*0080101_7324_8613_0_1_0_0_0:0:0_0:0:0_ca																	1	-1	-1	-1
2DL4*0080101_7326_8716_0_1_0_0_0:0:0_0:0:0_bf																	1	-1	-1	-1
2DL4*0080101_7337_8656_0_1_0_0_0:0:0_0:0:0_b6																		-1	-1	-1
2DL4*0080101_7341_6013_1_0_0_0_0:0:0_0:0:0_117													1	-1	-1	1	1	-1	-1	-1
2DL4*0080101_7363_6043_1_0_0_0_0:0:0_0:0:0_4d													1	-1	-1	1	1	-1	-1	-1
2DL4*0080101_7406_8701_0_1_0_0_0:0:0_0:0:0_15																			-1	-1
2DL4*0080101_7491_6101_1_0_0_0_0:0:0_0:0:0_7a													1	-1	-1	1	1	-1	-1	-1
2DL4*0080101_7501_8922_0_1_0_0_0:0:0_0:0:0_108																			-1	-1
2DL4*0080101_7514_6197_1_0_0_0_0:0:0_0:0:0_46													1	-1	-1	1	1	-1	-1	-1
2DL4*0080101_7516_6118_1_0_0_0_0:0:0_0:0:0_c2													1	-1	-1	1	1	-1	-1	-1
2DL4*0080101_7534_8944_0_1_0_0_0:0:0_0:0:0_129																			-1	-1
2DL4*0080101_7536_6148_1_0_0_0_0:0:0_0:0:0_14													1	-1	-1	1	1	-1	-1	-1
2DL4*0080101_7669_9021_0_1_0_0_0:0:0_0:0:0_f3																			-1	-1
2DL4*0080101_7721_9123_0_1_0_0_0:0:0_0:0:0_122																			-1	-1
2DL4*0080101_7776_6461_1_0_0_0_0:0:0_0:0:0_2b													1	-1	-1	1	1	-1	-1	-1
2DL4*0080101_7779_9182_0_1_0_0_0:0:0_0:0:0_24																			-1	-1
2DL4*0080101_7781_6343_1_0_0_0_0:0:0_0:0:0_7c													1	-1	-1	1	1	-1	-1	-1
2DL4*0080101_7783_6416_1_0_0_0_0:0:0_0:0:0_e0													1	-1	-1	1	1	-1	-1	-1
2DL4*0080101_7785_6384_1_0_0_0_0:0:0_0:0:0_e5													1	-1	-1	1	1	-1	-1	-1
2DL4*0080101_7833_9228_0_1_0_0_0:0:0_0:0:0_1e																			-1	-1
2DL4*0080101_7866_9173_0_1_0_0_0:0:0_0:0:0_c5																			-1	-1
2DL4*0080101_7883_9286_0_1_0_0_0:0:0_0:0:0_1b																			-1	-1
2DL4*0080101_7900_6561_1_0_0_0_0:0:0_0:0:0_7													1	-1	-1	1	1	-1	-1	-1
2DL4*0080101_7917_9258_0_1_0_0_0:0:0_0:0:0_19																				-1
2DL4*0080101_7921_6506_1_0_0_0_0:0:0_0:0:0_dd													1	-1	-1	1	1	-1		-1
2DL4*0080101_7933_9230_0_1_0_0_0:0:0_0:0:0_84																				-1
2DL4*0080101_7934_9271_0_1_0_0_0:0:0_0:0:0_ce																				-1
2DL4*0080101_8006_9303_0_1_0_0_0:0:0_0:0:0_61																				-1
2DL4*0080101_8037_6666_1_0_0_0_0:0:0_0:0:0_60													1	-1	-1	1	1	-1	-1	-1
2DL4*0080101_8067_6654_1_0_0_0_0:0:0_0:0:0_8f													1	-1	-1	1	1	-1	-1	-1
2DL4*0080101_8084_9325_0_1_0_0_0:0:0_0:0:0_10c																				-1
2DL4*0080101_808_2154_0_1_0_0_0:0:0_0:0:0_16				1	-1	-1	1	-1												
2DL4*0080101_810_2248_0_1_0_0_0:0:0_0:0:0_126				1	-1	-1	1	-1												
2DL4*0080101_8139_6768_1_0_0_0_0:0:0_0:0:0_115														-1	-1	1	1	-1	-1	-1
2DL4*0080101_8144_6679_1_0_0_0_0:0:0_0:0:0_b													1	-1	-1	1	1	-1	-1	-1
2DL4*0080101_8175_6778_1_0_0_0_0:0:0_0:0:0_a7														-1	-1	1	1	-1	-1	-1
2DL4*0080101_8234_6868_1_0_0_0_0:0:0_0:0:0_75														-1	-1	1	1	-1	-1	-1
2DL4*0080101_8235_9574_0_1_0_0_0:0:0_0:0:0_e7																				-1
2DL4*0080101_8342_6977_1_0_0_0_0:0:0_0:0:0_110														-1	-1	1	1	-1	-1	-1
2DL4*0080101_8354_6913_1_0_0_0_0:0:0_0:0:0_9d														-1	-1	1	1	-1	-1	-1
2DL4*0080101_841_2096_0_1_0_0_0:0:0_0:0:0_11d				1	-1	-1	1	-1												
2DL4*0080101_8424_7052_1_0_0_0_0:0:0_0:0:0_b0														-1	-1	1	1	-1	-1	-1
2DL4*0080101_8473_7059_1_0_0_0_0:0:0_0:0:0_9b														-1	-1	1	1	-1	-1	-1
2DL4*0080101_8530_7123_1_0_0_0_0:0:0_0:0:0_f5														-1	-1	1	1	-1	-1	-1
2DL4*0080101_8553_7131_1_0_0_0_0:0:0_0:0:0_6f														-1	-1	1	1	-1	-1	-1
2DL4*0080101_8621_7343_1_0_0_0_0:0:0_0:0:0_93																		-1	-1	-1
2DL4*0080101_8633_7194_1_0_0_0_0:0:0_0:0:0_128														-1	-1	1	1	-1	-1	-1
2DL4*0080101_8705_7401_1_0_0_0_0:0:0_0:0:0_78																			-1	-1
2DL4*0080101_8741_7414_1_0_0_0_0:0:0_0:0:0_102																			-1	-1
2DL4*0080101_8821_7545_1_0_0_0_0:0:0_0:0:0_ed																			-1	-1
2DL4*0080101_8828_7463_1_0_0_0_0:0:0_0:0:0_e9																			-1	-1
2DL4*0080101_8871_7540_1_0_0_0_0:0:0_0:0:0_f8																			-1	-1
2DL4*0080101_8934_7615_1_0_0_0_0:0:0_0:0:0_6d																			-1	-1
2DL4*0080101_9008_7674_1_0_0_0_0:0:0_0:0:0_c8																			-1	-1
2DL4*0080101_9020_7645_1_0_0_0_0:0:0_0:0:0_4e																			-1	-1
2DL4*0080101_9022_7696_1_0_0_0_0:0:0_0:0:0_1c																			-1	-1
2DL4*0080101_9030_7661_1_0_0_0_0:0:0_0:0:0_6c																			-1	-1
2DL4*0080101_9248_7870_1_0_0_0_0:0:0_0:0:0_f1																			-1	-1
2DL4*0080101_9324_8069_1_0_0_0_0:0:0_0:0:0_79																				-1
2DL4*0080101_9351_8014_1_0_0_0_0:0:0_0:0:0_85																				-1
2DL4*0080101_9392_8042_1_0_0_0_0:0:0_0:0:0_c3																				-1
2DL4*0080101_9475_8006_1_0_0_0_0:0:0_0:0:0_e																				-1
2DL4*0080101_948_2408_0_1_0_0_0:0:0_0:0:0_51				1	-1	-1	1	-1												
2DL4*0080101_9561_8208_1_0_0_0_0:0:0_0:0:0_c4																				-1
2DL4*0080101_977_2419_0_1_0_0_0:0:0_0:0:0_103				1	-1	-1	1	-1												
2DL4*0080101_991_2331_0_1_0_0_0:0:0_0:0:0_5e				1	-1	-1	1	-1												
2DL4*00901_1011_2268_0_1_0_0_0:0:0_0:0:0_8e					1	1	-1	1	-1											
2DL4*00901_1027_2271_0_1_0_0_0:0:0_0:0:0_8b					1	1	-1	1	-1											
2DL4*00901_1044_2432_0_1_0_0_0:0:0_0:0:0_3f					1	1	-1	1	-1											
2DL4*00901_1066_2379_0_1_0_0_0:0:0_0:0:0_cd					1	1	-1	1	-1											
2DL4*00901_1076_2373_0_1_0_0_0:0:0_0:0:0_3e					1	1	-1	1	-1											
2DL4*00901_1110_2381_0_1_0_0_0:0:0_0:0:0_e5					1	1	-1	1	-1											
2DL4*00901_1123_2385_0_1_0_0_0:0:0_0:0:0_df					1	1	-1	1	-1											
2DL4*00901_1151_2516_0_1_0_0_0:0:0_0:0:0_e9					1	1	-1	1	-1											
2DL4*00901_1235_2501_0_1_0_0_0:0:0_0:0:0_92					1	1	-1	1	-1											
2DL4*00901_1246_46_1_0_0_0_0:0:0_0:0:0_d2	-1	-1	1	-1	1	1														
2DL4*00901_1325_2655_0_1_0_0_0:0:0_0:0:0_54					1	1	-1	1	-1											
2DL4*00901_1329_45_1_0_0_0_0:0:0_0:0:0_f0	-1	-1	1	-1	1	1														
2DL4*00901_1330_2689_0_1_0_0_0:0:0_0:0:0_118					1	1	-1	1	-1											
2DL4*00901_1357_46_1_0_0_0_0:0:0_0:0:0_ed	-1	-1	1	-1	1	1														
2DL4*00901_1375_128_1_0_0_0_0:0:0_0:0:0_3d	-1	-1	1	-1	1	1														
2DL4*00901_1437_2721_0_1_0_0_0:0:0_0:0:0_d6					1	1	-1	1	-1											
2DL4*00901_1446_2822_0_1_0_0_0:0:0_0:0:0_fd					1	1	-1	1	-1	-1										
2DL4*00901_1468_2871_0_1_0_0_0:0:0_0:0:0_91					1	1	-1	1	-1	-1	-1									
2DL4*00901_1470_2713_0_1_0_0_0:0:0_0:0:0_8f					1	1	-1	1	-1											
2DL4*00901_1508_196_1_0_0_0_0:0:0_0:0:0_20		-1	1	-1	1	1														
2DL4*00901_1529_142_1_0_0_0_0:0:0_0:0:0_12b	-1	-1	1	-1	1	1														
2DL4*00901_1533_2851_0_1_0_0_0:0:0_0:0:0_dc					1	1	-1	1	-1	-1	-1									
2DL4*00901_1546_2856_0_1_0_0_0:0:0_0:0:0_2b					1	1	-1	1	-1	-1	-1									
2DL4*00901_1579_2815_0_1_0_0_0:0:0_0:0:0_113					1	1	-1	1	-1	-1										
2DL4*00901_1600_2856_0_1_0_0_0:0:0_0:0:0_77					1	1	-1	1	-1	-1	-1									
2DL4*00901_1680_393_1_0_0_0_0:0:0_0:0:0_83			1	-1	1	1														
2DL4*00901_1691_3056_0_1_0_0_0:0:0_0:0:0_34					1	1	-1	1	-1	-1	-1									
2DL4*00901_171_1431_0_1_0_0_0:0:0_0:0:0_61	-1	-1	1	-1	1	1														
2DL4*00901_1723_3117_0_1_0_0_0:0:0_0:0:0_64					1	1			-1	-1	-1									
2DL4*00901_1727_346_1_0_0_0_0:0:0_0:0:0_cc			1	-1	1	1														
2DL4*00901_1795_3182_0_1_0_0_0:0:0_0:0:0_a2					1	1	-1	1	-1	-1	-1									
2DL4*00901_1812_3139_0_1_0_0_0:0:0_0:0:0_33					1	1	-1	1	-1	-1	-1									
2DL4*00901_1817_526_1_0_0_0_0:0:0_0:0:0_97				-1	1	1	-1	1												
2DL4*00901_1860_3141_0_1_0_0_0:0:0_0:0:0_4					1	1	-1	1	-1	-1	-1									
2DL4*00901_1918_3313_0_1_0_0_0:0:0_0:0:0_bc					1	1	-1	1	-1	-1	-1									
2DL4*00901_1923_3292_0_1_0_0_0:0:0_0:0:0_9e					1	1	-1	1	-1	-1	-1									
2DL4*00901_1966_3352_0_1_0_0_0:0:0_0:0:0_1a					1	1	-1	1	-1	-1	-1									
2DL4*00901_1991_3299_0_1_0_0_0:0:0_0:0:0_d5					1	1	-1	1	-1	-1	-1									
2DL4*00901_2049_3350_0_1_0_0_0:0:0_0:0:0_6e					1	1	-1	1	-1	-1	-1									
2DL4*00901_2049_758_1_0_0_0_0:0:0_0:0:0_89				-1	1	1	-1	1												
2DL4*00901_2092_3451_0_1_0_0_0:0:0_0:0:0_9					1	1	-1	1	-1	-1	-1									
2DL4*00901_2114_3358_0_1_0_0_0:0:0_0:0:0_b0					1	1	-1	1	-1	-1	-1									
2DL4*00901_2138_809_1_0_0_0_0:0:0_0:0:0_be				-1	1	1	-1	1												
2DL4*00901_2140_794_1_0_0_0_0:0:0_0:0:0_87				-1	1	1	-1	1												
2DL4*00901_2242_3554_0_1_0_0_0:0:0_0:0:0_5						1	-1	1	-1	-1	-1									
2DL4*00901_2276_3632_0_1_0_0_0:0:0_0:0:0_28						1	-1	1	-1	-1	-1									
2DL4*00901_2283_955_1_0_0_0_0:0:0_0:0:0_66					1	1	-1	1	-1											
2DL4*00901_2294_3537_0_1_0_0_0:0:0_0:0:0_1						1	-1	1	-1	-1	-1									
2DL4*00901_2311_3706_0_1_0_0_0:0:0_0:0:0_e2						1	-1	1	-1	-1	-1									
2DL4*00901_2388_3721_0_1_0_0_0:0:0_0:0:0_22						1	-1	1	-1	-1	-1									
2DL4*00901_2436_1146_1_0_0_0_0:0:0_0:0:0_af					1	1	-1	1	-1											
2DL4*00901_2438_3760_0_1_0_0_0:0:0_0:0:0_8d						1	-1	1	-1	-1	-1									
2DL4*00901_2457_3756_0_1_0_0_0:0:0_0:0:0_d8						1	-1	1	-1	-1	-1									
2DL4*00901_2526_1249_1_0_0_0_0:0:0_0:0:0_3b					1	1	-1	1	-1											
2DL4*00901_2550_3844_0_1_0_0_0:0:0_0:0:0_5c							-1	1	-1	-1	-1	-1								
2DL4*00901_2563_1269_1_0_0_0_0:0:0_0:0:0_9c					1	1	-1	1	-1											
2DL4*00901_2642_3974_0_1_0_0_0:0:0_0:0:0_38							-1	1	-1	-1	-1	-1								
2DL4*00901_2648_4020_0_1_0_0_0:0:0_0:0:0_8c							-1	1	-1	-1	-1	-1								
2DL4*00901_2693_4007_0_1_0_0_0:0:0_0:0:0_31							-1	1	-1	-1	-1	-1								
2DL4*00901_2699_3950_0_1_0_0_0:0:0_0:0:0_c6							-1	1	-1	-1	-1	-1								
2DL4*00901_2708_4008_0_1_0_0_0:0:0_0:0:0_c1							-1	1	-1	-1	-1	-1								
2DL4*00901_2734_1436_1_0_0_0_0:0:0_0:0:0_72					1	1	-1	1	-1	-1										
2DL4*00901_2776_1511_1_0_0_0_0:0:0_0:0:0_f9					1	1	-1	1	-1	-1										
2DL4*00901_2812_4230_0_1_0_0_0:0:0_0:0:0_94							-1	1	-1	-1		-1								
2DL4*00901_2833_1571_1_0_0_0_0:0:0_0:0:0_121					1	1	-1	1	-1	-1	-1									
2DL4*00901_2844_4131_0_1_0_0_0:0:0_0:0:0_10f							-1	1	-1	-1	-1	-1								
2DL4*00901_2966_1557_1_0_0_0_0:0:0_0:0:0_26					1	1	-1	1	-1	-1	-1									
2DL4*00901_2983_4315_0_1_0_0_0:0:0_0:0:0_129							-1	1	-1	-1	-1	-1								
2DL4*00901_3029_1701_1_0_0_0_0:0:0_0:0:0_d1					1	1	-1	1	-1	-1	-1									
2DL4*00901_3049_1679_1_0_0_0_0:0:0_0:0:0_f6					1	1	-1	1	-1	-1	-1									
2DL4*00901_3053_1794_1_0_0_0_0:0:0_0:0:0_49					1	1	-1	1	-1	-1	-1									
2DL4*00901_3079_1733_1_0_0_0_0:0:0_0:0:0_65					1	1		1	-1	-1	-1									
2DL4*00901_3096_1840_1_0_0_0_0:0:0_0:0:0_57					1	1	-1	1	-1	-1	-1									
2DL4*00901_3113_4497_0_1_0_0_0:0:0_0:0:0_e0									-1	-1	-1	-1								
2DL4*00901_3162_4523_0_1_0_0_0:0:0_0:0:0_1e									-1	-1	-1	-1								
2DL4*00901_318_1712_0_1_0_0_0:0:0_0:0:0_41			1	-1	1	1														
2DL4*00901_3227_4599_0_1_0_0_0:0:0_0:0:0_44									-1	-1	-1	-1								
2DL4*00901_3237_1979_1_0_0_0_0:0:0_0:0:0_c9					1	1	-1	1	-1	-1	-1									
2DL4*00901_3255_1863_1_0_0_0_0:0:0_0:0:0_3c					1	1	-1	1	-1	-1	-1									
2DL4*00901_3297_4620_0_1_0_0_0:0:0_0:0:0_4c									-1	-1	-1	-1								
2DL4*00901_3324_4674_0_1_0_0_0:0:0_0:0:0_25									-1	-1	-1	-1								
2DL4*00901_3366_2081_1_0_0_0_0:0:0_0:0:0_e6					1	1	-1	1	-1	-1	-1									
2DL4*00901_3373_2081_1_0_0_0_0:0:0_0:0:0_36					1	1	-1	1	-1	-1	-1									
2DL4*00901_3376_2050_1_0_0_0_0:0:0_0:0:0_69					1	1	-1	1	-1	-1	-1									
2DL4*00901_3439_2146_1_0_0_0_0:0:0_0:0:0_9b						1	-1	1	-1	-1	-1									
2DL4*00901_3455_2210_1_0_0_0_0:0:0_0:0:0_11d						1	-1	1	-1	-1	-1									
2DL4*00901_347_1608_0_1_0_0_0:0:0_0:0:0_de			1	-1	1	1														
2DL4*00901_3513_2281_1_0_0_0_0:0:0_0:0:0_a3						1	-1	1	-1	-1	-1									
2DL4*00901_3526_2184_1_0_0_0_0:0:0_0:0:0_1b						1	-1	1	-1	-1	-1									
2DL4*00901_353_1649_0_1_0_0_0:0:0_0:0:0_2e			1	-1	1	1														
2DL4*00901_3580_4939_0_1_0_0_0:0:0_0:0:0_127										-1	-1	-1								
2DL4*00901_3587_4878_0_1_0_0_0:0:0_0:0:0_29										-1	-1	-1								
2DL4*00901_3600_2295_1_0_0_0_0:0:0_0:0:0_f1						1	-1	1	-1	-1	-1									
2DL4*00901_3610_2281_1_0_0_0_0:0:0_0:0:0_12						1	-1	1	-1	-1	-1									
2DL4*00901_3625_2277_1_0_0_0_0:0:0_0:0:0_107						1	-1	1	-1	-1	-1									
2DL4*00901_3681_2298_1_0_0_0_0:0:0_0:0:0_6d						1	-1	1	-1	-1	-1									
2DL4*00901_3708_2428_1_0_0_0_0:0:0_0:0:0_9d						1	-1	1	-1	-1	-1									
2DL4*00901_3720_4985_0_1_0_0_0:0:0_0:0:0_68										-1	-1	-1								
2DL4*00901_3723_2445_1_0_0_0_0:0:0_0:0:0_7d						1	-1	1	-1	-1	-1									
2DL4*00901_375_1710_0_1_0_0_0:0:0_0:0:0_11c			1	-1	1	1														
2DL4*00901_3778_2418_1_0_0_0_0:0:0_0:0:0_b1						1	-1	1	-1	-1	-1									
2DL4*00901_3811_5259_0_1_0_0_0:0:0_0:0:0_9a										-1	-1		-1							
2DL4*00901_3834_5163_0_1_0_0_0:0:0_0:0:0_4e										-1	-1	-1	-1							
2DL4*00901_3853_5138_0_1_0_0_0:0:0_0:0:0_10a										-1	-1	-1								
2DL4*00901_3862_5168_0_1_0_0_0:0:0_0:0:0_d4										-1	-1	-1	-1							
2DL4*00901_3877_2641_1_0_0_0_0:0:0_0:0:0_c7							-1	1	-1	-1	-1	-1								
2DL4*00901_3881_5118_0_1_0_0_0:0:0_0:0:0_2a										-1	-1	-1								
2DL4*00901_3901_2578_1_0_0_0_0:0:0_0:0:0_60							-1	1	-1	-1	-1	-1								
2DL4*00901_3903_2532_1_0_0_0_0:0:0_0:0:0_16							-1	1	-1	-1	-1	-1								
2DL4*00901_3987_2666_1_0_0_0_0:0:0_0:0:0_71							-1	1	-1	-1	-1	-1								
2DL4*00901_3993_2678_1_0_0_0_0:0:0_0:0:0_b8							-1	1	-1	-1	-1	-1								
2DL4*00901_3998_2707_1_0_0_0_0:0:0_0:0:0_a							-1	1	-1	-1	-1	-1								
2DL4*00901_4027_2709_1_0_0_0_0:0:0_0:0:0_109							-1	1	-1	-1	-1	-1								
2DL4*00901_4044_2717_1_0_0_0_0:0:0_0:0:0_a7							-1	1	-1	-1	-1	-1								
2DL4*00901_4056_5347_0_1_0_0_0:0:0_0:0:0_35											-1	-1	-1							
2DL4*00901_4067_5366_0_1_0_0_0:0:0_0:0:0_10c											-1	-1	-1							
2DL4*00901_4086_2754_1_0_0_0_0:0:0_0:0:0_40							-1	1	-1	-1	-1	-1								
2DL4*00901_40_1356_0_1_0_0_0:0:0_0:0:0_ff	-1	-1	1	-1	1	1														
2DL4*00901_4148_5410_0_1_0_0_0:0:0_0:0:0_74												-1	-1							
2DL4*00901_4159_5500_0_1_0_0_0:0:0_0:0:0_c3												-1	-1							
2DL4*00901_4163_5494_0_1_0_0_0:0:0_0:0:0_102												-1	-1							
2DL4*00901_4182_2901_1_0_0_0_0:0:0_0:0:0_67							-1	1	-1	-1	-1	-1								
2DL4*00901_4197_2892_1_0_0_0_0:0:0_0:0:0_39							-1	1	-1	-1	-1	-1								
2DL4*00901_4242_5626_0_1_0_0_0:0:0_0:0:0_1d												-1	-1							
2DL4*00901_429_1787_0_1_0_0_0:0:0_0:0:0_e4			1	-1	1	1	-1	1												
2DL4*00901_4318_5641_0_1_0_0_0:0:0_0:0:0_a9												-1	-1	1						
2DL4*00901_4449_3115_1_0_0_0_0:0:0_0:0:0_ca									-1	-1	-1	-1								
2DL4*00901_4452_3142_1_0_0_0_0:0:0_0:0:0_103									-1	-1	-1	-1								
2DL4*00901_4469_3108_1_0_0_0_0:0:0_0:0:0_6f									-1	-1	-1	-1								
2DL4*00901_4503_3191_1_0_0_0_0:0:0_0:0:0_5b									-1	-1	-1	-1								
2DL4*00901_4503_3215_1_0_0_0_0:0:0_0:0:0_10b									-1	-1	-1	-1								
2DL4*00901_4563_3274_1_0_0_0_0:0:0_0:0:0_95									-1	-1	-1	-1								
2DL4*00901_4588_3275_1_0_0_0_0:0:0_0:0:0_c4									-1	-1	-1	-1								
2DL4*00901_4622_5993_0_1_0_0_0:0:0_0:0:0_f5												-1	-1	1	1	-1	-1	1		
2DL4*00901_4653_5991_0_1_0_0_0:0:0_0:0:0_84												-1	-1	1	1	-1	-1	1		
2DL4*00901_4702_3321_1_0_0_0_0:0:0_0:0:0_fa									-1	-1	-1	-1								
2DL4*00901_4749_3405_1_0_0_0_0:0:0_0:0:0_78									-1	-1	-1	-1								
2DL4*00901_4795_3461_1_0_0_0_0:0:0_0:0:0_db									-1	-1	-1	-1								
2DL4*00901_4850_3574_1_0_0_0_0:0:0_0:0:0_a6										-1	-1	-1								
2DL4*00901_4857_3469_1_0_0_0_0:0:0_0:0:0_56									-1	-1	-1	-1								
2DL4*00901_4865_6219_0_1_0_0_0:0:0_0:0:0_37												-1	-1	1	1	-1	-1	1		
2DL4*00901_4886_6215_0_1_0_0_0:0:0_0:0:0_58												-1	-1	1	1	-1	-1	1		
2DL4*00901_4903_6242_0_1_0_0_0:0:0_0:0:0_32												-1	-1	1	1	-1	-1	1		
2DL4*00901_4915_6265_0_1_0_0_0:0:0_0:0:0_1c												-1	-1	1	1	-1	-1	1		
2DL4*00901_4956_3677_1_0_0_0_0:0:0_0:0:0_8a										-1	-1	-1								
2DL4*00901_5026_6337_0_1_0_0_0:0:0_0:0:0_ec												-1	-1	1	1	-1	-1	1	1	
2DL4*00901_5033_3727_1_0_0_0_0:0:0_0:0:0_b6										-1	-1	-1								
2DL4*00901_5069_3888_1_0_0_0_0:0:0_0:0:0_55										-1	-1	-1								
2DL4*00901_5099_3780_1_0_0_0_0:0:0_0:0:0_ea										-1	-1	-1								
2DL4*00901_5110_3825_1_0_0_0_0:0:0_0:0:0_30										-1	-1	-1								
2DL4*00901_5134_6469_0_1_0_0_0:0:0_0:0:0_81												-1		1	1	-1	-1	1	1	
2DL4*00901_5163_3828_1_0_0_0_0:0:0_0:0:0_7a										-1	-1		-1							
2DL4*00901_5193_6519_0_1_0_0_0:0:0_0:0:0_124													-1	1	1	-1	-1	1	1	
2DL4*00901_5197_3899_1_0_0_0_0:0:0_0:0:0_7b										-1	-1	-1	-1							
2DL4*00901_5213_3930_1_0_0_0_0:0:0_0:0:0_a5										-1	-1	-1	-1							
2DL4*00901_5247_6574_0_1_0_0_0:0:0_0:0:0_96													-1	1	1	-1	-1	1	1	
2DL4*00901_526_1887_0_1_0_0_0:0:0_0:0:0_122				-1	1	1	-1	1												
2DL4*00901_5284_3965_1_0_0_0_0:0:0_0:0:0_b4										-1	-1	-1	-1							
2DL4*00901_5393_6769_0_1_0_0_0:0:0_0:0:0_e7													-1	1	1	-1	-1	1	1	1
2DL4*00901_5431_4076_1_0_0_0_0:0:0_0:0:0_fb											-1	-1	-1							
2DL4*00901_5462_6859_0_1_0_0_0:0:0_0:0:0_14													-1	1	1	-1	-1	1	1	1
2DL4*00901_5469_4133_1_0_0_0_0:0:0_0:0:0_cb											-1	-1	-1							
2DL4*00901_5497_4167_1_0_0_0_0:0:0_0:0:0_116												-1	-1							
2DL4*00901_549_1822_0_1_0_0_0:0:0_0:0:0_b3				-1	1	1	-1	1												
2DL4*00901_5539_6813_0_1_0_0_0:0:0_0:0:0_59													-1	1	1	-1	-1	1	1	1
2DL4*00901_5544_6843_0_1_0_0_0:0:0_0:0:0_88													-1	1	1	-1	-1	1	1	1
2DL4*00901_5565_4232_1_0_0_0_0:0:0_0:0:0_10e												-1	-1							
2DL4*00901_5565_6824_0_1_0_0_0:0:0_0:0:0_15													-1	1	1	-1	-1	1	1	1
2DL4*00901_5569_4215_1_0_0_0_0:0:0_0:0:0_3a												-1	-1							
2DL4*00901_5570_4332_1_0_0_0_0:0:0_0:0:0_7c												-1	-1							
2DL4*00901_5573_6829_0_1_0_0_0:0:0_0:0:0_62													-1	1	1	-1	-1	1	1	1
2DL4*00901_5702_4334_1_0_0_0_0:0:0_0:0:0_bb												-1	-1	1	1	-1				
2DL4*00901_5754_7013_0_1_0_0_0:0:0_0:0:0_ac													-1	1	1	-1	-1	1	1	1
2DL4*00901_5776_7115_0_1_0_0_0:0:0_0:0:0_e8													-1	1	1	-1	-1	1	1	1
2DL4*00901_5798_7059_0_1_0_0_0:0:0_0:0:0_47													-1	1	1	-1	-1	1	1	1
2DL4*00901_5868_4551_1_0_0_0_0:0:0_0:0:0_e1												-1	-1	1	1	-1	-1	1		
2DL4*00901_5896_4631_1_0_0_0_0:0:0_0:0:0_f4												-1	-1	1	1	-1	-1	1		
2DL4*00901_5921_7244_0_1_0_0_0:0:0_0:0:0_b5													-1	1	1	-1	-1	1	1	1
2DL4*00901_5924_4608_1_0_0_0_0:0:0_0:0:0_c5												-1	-1	1	1	-1	-1	1		
2DL4*00901_5955_4580_1_0_0_0_0:0:0_0:0:0_82												-1	-1	1	1	-1	-1	1		
2DL4*00901_5966_7220_0_1_0_0_0:0:0_0:0:0_6c													-1	1	1	-1	-1	1	1	1
2DL4*00901_5980_7209_0_1_0_0_0:0:0_0:0:0_10													-1	1	1	-1	-1	1	1	1
2DL4*00901_6006_7374_0_1_0_0_0:0:0_0:0:0_128													-1	1	1	-1	-1	1	1	1
2DL4*00901_6018_4751_1_0_0_0_0:0:0_0:0:0_fc												-1	-1	1	1	-1	-1	1		
2DL4*00901_6109_4818_1_0_0_0_0:0:0_0:0:0_27												-1	-1	1	1	-1	-1	1		
2DL4*00901_6109_7413_0_1_0_0_0:0:0_0:0:0_85													-1	1	1	-1	-1	1	1	1
2DL4*00901_6128_7535_0_1_0_0_0:0:0_0:0:0_b													-1	1	1	-1	-1	1	1	1
2DL4*00901_6146_4790_1_0_0_0_0:0:0_0:0:0_7e												-1	-1	1	1	-1	-1	1		
2DL4*00901_6152_7486_0_1_0_0_0:0:0_0:0:0_75													-1	1	1	-1	-1	1	1	1
2DL4*00901_6161_7530_0_1_0_0_0:0:0_0:0:0_da													-1	1	1	-1	-1	1	1	1
2DL4*00901_6167_4849_1_0_0_0_0:0:0_0:0:0_f8												-1	-1	1	1	-1	-1	1		
2DL4*00901_6169_4898_1_0_0_0_0:0:0_0:0:0_cf												-1	-1	1	1	-1	-1	1		
2DL4*00901_6205_4908_1_0_0_0_0:0:0_0:0:0_bd												-1	-1	1	1	-1	-1	1		
2DL4*00901_6226_7451_0_1_0_0_0:0:0_0:0:0_10d													-1	1	1	-1	-1	1	1	1
2DL4*00901_6243_4998_1_0_0_0_0:0:0_0:0:0_93												-1	-1	1	1	-1	-1	1		
2DL4*00901_6251_7531_0_1_0_0_0:0:0_0:0:0_d0													-1	1	1	-1	-1	1	1	1
2DL4*00901_6263_7552_0_1_0_0_0:0:0_0:0:0_7													-1	1	1	-1	-1	1	1	1
2DL4*00901_6265_5011_1_0_0_0_0:0:0_0:0:0_46												-1	-1	1	1	-1	-1	1		
2DL4*00901_6303_7576_0_1_0_0_0:0:0_0:0:0_13													-1	1	1	-1	-1	1	1	1
2DL4*00901_6304_7572_0_1_0_0_0:0:0_0:0:0_51													-1	1	1	-1	-1	1	1	1
2DL4*00901_6360_5000_1_0_0_0_0:0:0_0:0:0_21												-1	-1	1	1	-1	-1	1	1	
2DL4*00901_6439_5073_1_0_0_0_0:0:0_0:0:0_17												-1	-1	1	1	-1	-1	1	1	
2DL4*00901_6530_5214_1_0_0_0_0:0:0_0:0:0_eb													-1	1	1	-1	-1	1	1	
2DL4*00901_6720_7964_0_1_0_0_0:0:0_0:0:0_45														1	1	-1	-1	1	1	1
2DL4*00901_6786_5439_1_0_0_0_0:0:0_0:0:0_f3													-1	1	1	-1	-1	1	1	1
2DL4*00901_6786_8174_0_1_0_0_0:0:0_0:0:0_11f														1	1	-1	-1	1	1	1
2DL4*00901_6825_8140_0_1_0_0_0:0:0_0:0:0_24														1	1	-1	-1	1	1	1
2DL4*00901_6864_8227_0_1_0_0_0:0:0_0:0:0_4b														1	1	-1	-1	1	1	1
2DL4*00901_6879_5591_1_0_0_0_0:0:0_0:0:0_11b													-1	1	1	-1	-1	1	1	1
2DL4*00901_6913_8188_0_1_0_0_0:0:0_0:0:0_5d														1	1	-1	-1	1	1	1
2DL4*00901_6976_5636_1_0_0_0_0:0:0_0:0:0_a4													-1			-1	-1	1	1	1
2DL4*00901_6984_8242_0_1_0_0_0:0:0_0:0:0_b7																-1	-1	1	1	1
2DL4*00901_7028_5777_1_0_0_0_0:0:0_0:0:0_11													-1	1	1	-1	-1	1	1	1
2DL4*00901_702_2021_0_1_0_0_0:0:0_0:0:0_0				-1	1	1	-1	1												
2DL4*00901_7065_5730_1_0_0_0_0:0:0_0:0:0_b9													-1	1	1	-1	-1		1	1
2DL4*00901_7068_5912_1_0_0_0_0:0:0_0:0:0_111													-1	1	1	-1	-1	1	1	1
2DL4*00901_706_1949_0_1_0_0_0:0:0_0:0:0_4d				-1	1	1	-1	1												
2DL4*00901_7078_5697_1_0_0_0_0:0:0_0:0:0_c0													-1	1	1	-1			1	1
2DL4*00901_7114_5773_1_0_0_0_0:0:0_0:0:0_80													-1	1	1	-1	-1	1	1	1
2DL4*00901_713_2057_0_1_0_0_0:0:0_0:0:0_c8				-1	1	1	-1	1												
2DL4*00901_7149_5727_1_0_0_0_0:0:0_0:0:0_2f													-1	1	1	-1	-1		1	1
2DL4*00901_7169_5838_1_0_0_0_0:0:0_0:0:0_6a													-1	1	1	-1	-1	1	1	1
2DL4*00901_7250_5966_1_0_0_0_0:0:0_0:0:0_c													-1	1	1	-1	-1	1	1	1
2DL4*00901_7260_6002_1_0_0_0_0:0:0_0:0:0_99													-1	1	1	-1	-1	1	1	1
2DL4*00901_7269_5930_1_0_0_0_0:0:0_0:0:0_42													-1	1	1	-1	-1	1	1	1
2DL4*00901_72_1437_0_1_0_0_0:0:0_0:0:0_11a	-1	-1	1	-1	1	1														
2DL4*00901_7306_5928_1_0_0_0_0:0:0_0:0:0_98													-1	1	1	-1	-1	1	1	1
2DL4*00901_7331_6015_1_0_0_0_0:0:0_0:0:0_f													-1	1	1	-1	-1	1	1	1
2DL4*00901_7358_8619_0_1_0_0_0:0:0_0:0:0_5f																			1	1
2DL4*00901_7424_6042_1_0_0_0_0:0:0_0:0:0_f7													-1	1	1	-1	-1	1	1	1
2DL4*00901_7486_6214_1_0_0_0_0:0:0_0:0:0_ce													-1	1	1	-1	-1	1	1	1
2DL4*00901_7511_8846_0_1_0_0_0:0:0_0:0:0_90																			1	1
2DL4*00901_7520_8873_0_1_0_0_0:0:0_0:0:0_7f																			1	1
2DL4*00901_7582_8920_0_1_0_0_0:0:0_0:0:0_86																			1	1
2DL4*00901_7609_6359_1_0_0_0_0:0:0_0:0:0_f2													-1	1	1	-1	-1	1	1	1
2DL4*00901_7617_6345_1_0_0_0_0:0:0_0:0:0_115													-1	1	1	-1	-1	1	1	1
2DL4*00901_7643_6310_1_0_0_0_0:0:0_0:0:0_c2													-1	1	1	-1	-1	1	1	1
2DL4*00901_7657_9042_0_1_0_0_0:0:0_0:0:0_fe																				1
2DL4*00901_7691_9003_0_1_0_0_0:0:0_0:0:0_1f																				1
2DL4*00901_7725_8970_0_1_0_0_0:0:0_0:0:0_dd																				1
2DL4*00901_7729_9019_0_1_0_0_0:0:0_0:0:0_53																				1
2DL4*00901_777_2060_0_1_0_0_0:0:0_0:0:0_79				-1	1	1	-1	1												
2DL4*00901_7840_6455_1_0_0_0_0:0:0_0:0:0_2d													-1	1	1	-1	-1	1	1	1
2DL4*00901_7841_6536_1_0_0_0_0:0:0_0:0:0_120														1	1	-1	-1	1	1	1
2DL4*00901_7863_6545_1_0_0_0_0:0:0_0:0:0_18														1	1	-1	-1	1	1	1
2DL4*00901_7908_6633_1_0_0_0_0:0:0_0:0:0_2														1	1	-1	-1	1	1	1
2DL4*00901_7968_6659_1_0_0_0_0:0:0_0:0:0_3														1	1	-1	-1	1	1	1
2DL4*00901_7999_6696_1_0_0_0_0:0:0_0:0:0_6b														1	1	-1	-1	1	1	1
2DL4*00901_8023_6668_1_0_0_0_0:0:0_0:0:0_d7														1	1	-1	-1	1	1	1
2DL4*00901_8055_6717_1_0_0_0_0:0:0_0:0:0_aa														1	1	-1	-1	1	1	1
2DL4*00901_806_2191_0_1_0_0_0:0:0_0:0:0_12a				-1		1	-1	1												
2DL4*00901_8125_6828_1_0_0_0_0:0:0_0:0:0_100														1	1	-1	-1	1	1	1
2DL4*00901_8194_6898_1_0_0_0_0:0:0_0:0:0_9f														1	1	-1	-1	1	1	1
2DL4*00901_8216_6839_1_0_0_0_0:0:0_0:0:0_d3														1	1	-1	-1	1	1	1
2DL4*00901_8227_6954_1_0_0_0_0:0:0_0:0:0_123															1	-1	-1	1	1	1
2DL4*00901_8369_7059_1_0_0_0_0:0:0_0:0:0_d9																			1	1
2DL4*00901_8397_7006_1_0_0_0_0:0:0_0:0:0_ef																-1	-1	1	1	1
2DL4*00901_8463_7196_1_0_0_0_0:0:0_0:0:0_5a																			1	1
2DL4*00901_8524_7201_1_0_0_0_0:0:0_0:0:0_4f																			1	1
2DL4*00901_8590_7177_1_0_0_0_0:0:0_0:0:0_ae																			1	1
2DL4*00901_8694_7449_1_0_0_0_0:0:0_0:0:0_19																			1	1
2DL4*00901_8730_7422_1_0_0_0_0:0:0_0:0:0_b2																			1	1
2DL4*00901_8765_7408_1_0_0_0_0:0:0_0:0:0_125																			1	1
2DL4*00901_8785_7432_1_0_0_0_0:0:0_0:0:0_108																			1	1
2DL4*00901_8799_7512_1_0_0_0_0:0:0_0:0:0_ad																			1	1
2DL4*00901_8812_7453_1_0_0_0_0:0:0_0:0:0_a0																			1	1
2DL4*00901_8879_7630_1_0_0_0_0:0:0_0:0:0_8																				1
2DL4*00901_896_2196_0_1_0_0_0:0:0_0:0:0_bf					1	1	-1	1												
2DL4*00901_8971_7633_1_0_0_0_0:0:0_0:0:0_73																				1
2DL4*00901_899_2317_0_1_0_0_0:0:0_0:0:0_23					1	1	-1	1	-1											
2DL4*00901_9054_7769_1_0_0_0_0:0:0_0:0:0_4a																				1
2DL4*00901_9126_7800_1_0_0_0_0:0:0_0:0:0_112																				1
2DL4*00901_9140_7740_1_0_0_0_0:0:0_0:0:0_ba																				1
2DL4*00901_9191_7925_1_0_0_0_0:0:0_0:0:0_5e																				1
2DL4*00901_944_2377_0_1_0_0_0:0:0_0:0:0_50					1	1	-1	1	-1											
2DL4*00901_950_2265_0_1_0_0_0:0:0_0:0:0_a1					1	1	-1	1	-1											
2DL4*00901_964_2262_0_1_0_0_0:0:0_0:0:0_d					1	1	-1	1	-1											
2DL4*00901_994_2320_0_1_0_0_0:0:0_0:0:0_76					1	1	-1	1	-1											
