	468	601	762	1192	2471	2789	3395	3420	3903	4377	4472	5481	6799	7287	7303	7346	7371	7392	7926	8295
2DL4*00101						-1														
2DL4*0010201	-1	-1	-1	-1	-1	-1	-1	-1	-1	-1	-1	-1	-1	-1	-1	-1	-1	-1	-1	-1
2DL4*0010202	-1	-1	-1	-1	-1	-1	-1	-1	-1	-1	-1	-1	-1	-1	-1	-1	-1	-1	-1	-1
2DL4*0010301	-1	-1	-1	-1	-1	-1	-1	-1	-1	-1	-1	-1	-1	-1	-1	-1	-1	-1	-1	-1
2DL4*0010302	-1	-1	-1	-1	-1	-1	-1	-1	-1	-1	-1	-1	-1	-1	-1	-1	-1	-1	-1	-1
2DL4*0010303	-1	-1	-1	-1	-1	-1	-1	-1	-1	-1	-1	-1	-1	-1	-1	-1	-1	-1	-1	-1
2DL4*0010304	-1	-1	-1	-1	-1	-1	-1	-1	-1	-1	-1	-1	-1	-1	-1	-1	-1	-1	-1	-1
2DL4*0010305	-1	-1	-1	-1	-1	-1	-1	-1	-1	-1	-1	-1	-1	-1	-1	-1	-1	-1	-1	-1
2DL4*0010306	-1	-1	-1	-1	-1	-1	-1	-1	-1	-1	-1	-1	-1	-1	-1	-1	-1	-1	-1	-1
2DL4*0010307	-1	-1	-1	-1	-1	-1	-1	-1	-1	-1	-1	-1	-1	-1	-1	-1	-1	-1	-1	-1
2DL4*0010308	-1	-1	-1	-1	-1	-1	-1	-1	-1	-1	-1	-1	-1	-1	-1	-1	-1	-1	-1	-1
2DL4*00104	-1	-1	-1	-1	-1	-1	-1	-1	-1	-1	-1	-1	-1	-1	-1	-1	-1	-1	-1	-1
2DL4*00105						-1														
2DL4*00201						-1														
2DL4*00202						-1														
2DL4*003						-1														
2DL4*004						-1														
2DL4*00501	1	-1	-1	-1	-1	-1	-1	-1	-1	-1	-1	-1	-1	-1	1	-1	-1	1	1	-1
2DL4*00502						-1														
2DL4*00601						-1														
2DL4*00602	1	-1	1	-1	-1	-1	-1	-1	-1	-1	-1	-1	-1	-1	-1	-1	1	1	1	-1
2DL4*007						-1														
2DL4*0080101	1	1	-1	1	-1	-1	1	-1	1	1	1	1	1	-1	-1	1	1	-1	-1	-1
2DL4*0080102						-1														
2DL4*0080103	-1	-1	1	-1	1	-1	-1	1	-1	-1	-1	-1	-1	1	1	-1	-1	1	1	1
2DL4*0080104						-1														
2DL4*0080105	1	1	-1	1	-1	-1	1	-1	1	1	1	1	1	-1	-1	1	1	-1	-1	-1
2DL4*0080201	-1	-1	1	-1	1	-1	-1	1	-1	-1	-1	-1	-1	1	1	-1	-1	1	1	1
2DL4*0080202	1	1	-1	1	-1	-1	1	-1	1	1	1	1	1	-1	-1	-1	1	-1	-1	-1
2DL4*0080203	-1	-1	1	-1	1	-1	-1	1	-1	-1	-1	-1	-1	1	1	-1	-1	1	1	-1
2DL4*0080204	-1	-1	1	-1	1	-1	-1	1	-1	-1	-1	-1	-1	1	1	-1	-1	1	1	1
2DL4*00901	-1	-1	1	-1	1	1	-1	1	-1	-1	-1	-1	-1	1	1	-1	-1	1	1	1
2DL4*00902						1														
2DL4*010	1	-1	1	-1	-1	-1	-1	-1	-1	-1	-1	-1	-1	-1	-1	-1	1	1	1	-1
2DL4*011	1	-1	-1	-1	-1	-1	-1	-1	-1	-1	-1	-1	-1	-1	-1	-1	-1	-1	-1	-1
2DL4*01201						-1														
2DL4*01202						-1														
2DL4*013						-1														
2DL4*014						-1														
2DL4*015						-1														
2DL4*016						-1														
2DL4*017						-1														
2DL4*018						-1														
2DL4*019						-1														
2DL4*020						-1														
2DL4*021						-1														
2DL4*022						-1														
2DL4*023						-1														
2DL4*024						-1														
2DL4*025						-1														
2DL4*026						-1														
2DL4*027						-1														
