	468	487	811	979	1524	1898	2015	2295	2328	2651	2864	3017	3466	3824	3840	3859	3866	4248	4398	4799	5200	5400	5469	5869	5894	6071	6129	6715	7058	7303	7392	7625	7926	7948	8259	8802	8838	9232	9441	10036	10327
2DL4*00101					-1					-1	-1																														
2DL4*0010201	-1	-1	-1	-1	-1	-1	-1	-1	-1	-1	-1	-1	-1	-1	-1	-1	-1	-1	-1	-1	-1	-1	-1	-1	-1	-1	-1	-1	-1	-1	-1	-1	-1	-1	-1	-1	-1	-1	-1	-1	-1
2DL4*0010202	-1	-1	-1	-1	-1	-1	-1	-1	-1	-1	-1	-1	-1	-1	-1	-1	-1	-1	-1	-1	-1	-1	-1	-1	-1	-1	-1	-1	-1	-1	-1	-1	-1	-1	-1	-1	-1	-1	-1	-1	-1
2DL4*0010301	-1	-1	-1	1	-1	1	-1	-1	-1	-1	-1	1	1	-1	1	-1	-1	-1	-1	-1	-1	-1	1	-1	-1	-1	-1	-1	-1	-1	-1	-1	-1	-1	-1	-1	1	-1	-1	-1	-1
2DL4*0010302	-1	-1	-1	-1	-1	-1	-1	-1	-1	-1	-1	1	1	-1	-1	-1	-1	-1	-1	-1	-1	-1	-1	-1	-1	-1	-1	-1	-1	-1	-1	-1	-1	-1	-1	-1	1	-1	-1	-1	-1
2DL4*0010303	-1	-1	-1	-1	-1	-1	-1	-1	-1	-1	-1	-1	-1	-1	-1	-1	-1	-1	-1	-1	-1	-1	-1	-1	-1	-1	-1	-1	-1	-1	-1	-1	-1	-1	-1	-1	-1	-1	-1	-1	-1
2DL4*0010304	-1	-1	-1	1	-1	1	-1	-1	-1	-1	-1	1	1	-1	1	-1	-1	-1	-1	-1	-1	-1	1	-1	-1	-1	-1	-1	-1	-1	-1	-1	-1	-1	-1	-1	1	-1	-1	-1	-1
2DL4*0010305	-1	-1	-1	-1	-1	-1	-1	-1	-1	-1	-1	1	1	-1	-1	-1	-1	-1	-1	-1	-1	-1	-1	-1	-1	-1	-1	-1	-1	-1	-1	-1	-1	1	-1	-1	-1	-1	-1	-1	-1
2DL4*0010306	-1	-1	-1	-1	-1	-1	-1	-1	-1	-1	-1	-1	-1	-1	-1	-1	-1	-1	-1	-1	-1	-1	-1	-1	-1	-1	-1	-1	-1	-1	-1	-1	-1	-1	-1	-1	-1	-1	-1	-1	-1
2DL4*0010307	-1	-1	-1	-1	-1	-1	-1	-1	-1	-1	-1	-1	-1	-1	-1	-1	-1	-1	-1	-1	-1	-1	-1	-1	-1	-1	-1	-1	-1	-1	-1	-1	-1	-1	-1	-1	-1	-1	-1	-1	-1
2DL4*0010308	-1	-1	-1	-1	-1	-1	-1	-1	-1	-1	-1	-1	-1	-1	-1	-1	-1	-1	-1	-1	-1	-1	-1	-1	-1	-1	-1	-1	-1	-1	-1	-1	-1	1	1	1	-1	1	1	-1	1
2DL4*00104	-1	-1	1	-1	-1	-1	-1	-1	-1	-1	-1	1	1	1	-1	-1	1	-1	-1	1	1	1	-1	-1	-1	-1	-1	1	-1	-1	-1	-1	-1	1	-1	-1	-1	-1	1	-1	-1
2DL4*00105					-1					-1	-1																														
2DL4*00201					-1					1	1																														
2DL4*00202					-1					1	1																														
2DL4*003					-1					-1	-1																														
2DL4*004					-1					1	1																														
2DL4*00501	1	1	1	-1	1	-1	1	1	1	1	1	-1	-1	1	-1	1	1	1	1	1	1	1	-1	1	1	1	1	1	1	1	1	1	1	1	1	1	-1	1	1	1	1
2DL4*00502					1					1	1																														
2DL4*00601					-1					1	1																														
2DL4*00602	1	-1	1	-1	-1	-1	-1	1	-1	1	1	-1	1	1	-1	-1	1	1	1	1	1	1	-1	-1	1	1	-1	1	-1	-1	1	-1	1	1	-1	-1	-1	-1	-1	-1	-1
2DL4*007					-1					1	1																														
2DL4*0080101	1	-1	-1	-1	-1	-1	-1	1	-1	1	1	-1	1	1	-1	-1	1	1	1	1	1	1	-1	-1	1	1	-1	1	-1	-1	-1	-1	-1	1	-1	1	-1	1	1	-1	-1
2DL4*0080102					-1					1	1																														
2DL4*0080103	-1	-1	-1	-1	-1	-1	-1	1	-1	1	1	-1	1	1	-1	-1	1	1	1	1	1	1	-1	-1	1	1	-1	1	-1	1	1	-1	1	1	-1	1	-1	1	1	-1	-1
2DL4*0080104					-1					1	1																														
2DL4*0080105	1	-1	-1	-1	-1	-1	-1	1	-1	1	1	-1	1	1	-1	-1	1	1	1	1	1	1	-1	-1	1	1	-1	1	-1	-1	-1	-1	-1	1	-1	1	-1	1	1	-1	-1
2DL4*0080201	-1	-1	1	-1	-1	-1	-1	1	-1	1	1	-1	1	1	-1	-1	1	1	1	1	1	1	-1	-1	1	1	-1	1	-1	1	1	-1	1	1	-1	1	-1	1	1	-1	-1
2DL4*0080202	1	-1	1	-1	-1	-1	-1	1	-1	1	1	-1	1	1	-1	-1	1	1	1	1	1	1	-1	-1	1	1	-1	1	-1	-1	-1	-1	-1	1	-1	1	-1	1	1	-1	-1
2DL4*0080203	-1	-1	1	-1	-1	-1	-1	1	-1	1	1	-1	1	1	-1	-1	1	1	1	1	1	1	-1	-1	1	1	-1	1	-1	1	1	-1	1	1	-1	1	-1	1	1	-1	-1
2DL4*0080204	-1	-1	1	-1	-1	-1	-1	1	-1	1	1	-1	1	1	-1	-1	1	1	1	1	1	1	-1	-1	1	1	-1	1	-1	1	1	-1	1	1	-1	1	-1	1	1	-1	-1
2DL4*00901	-1	-1	-1	-1	-1	-1	-1	1	-1	1	1	-1	1	1	-1	-1	1	1	1	1	1	1	-1	-1	1	1	-1	1	-1	1	1	-1	1	1	-1	1	-1	1	1	-1	-1
