	69	88	139	262	263	276	329	379	450	509	517	546	554	613	682	701	724	753	835	852	921	986	1077	1144	1217	1218	1276	1313	1365	1368	1399	1465	1466	1514	1592	1603	1635	1637	1755	1809	1819	1830	1980	1989	1992	2074	2098	2117	2118	2209	2251	2294	2359	2371	2372	2481	2680	2694	2790	2910	2913	2981	3082	3095	3129
C*01:02:01	-1	-1	1	-1	1	-1	-1	-1	-1	1	-1	1	1	1	1	-1	1	1	1	1	-1	-1		1	-1	1	1	1	1	-1	1	-1	1	-1	1	1	1	1	-1	1	1	-1	1	-1	1	1	1	1	1	-1	-1	1	-1	1	1	-1	-1	1	1	-1	-1	-1	-1	-1	1
C*01:03	-1	-1	1	-1	1	-1	-1	-1	-1	1	-1	1	1	1	1	-1	1	1	1	1	-1	-1	1	1	-1	1	1	1	1	-1	1	-1	1	-1	1	1	1	1	-1	1	1	-1	1	-1	1	1	1	1	1	-1	-1	1	-1	1	1	-1	-1	1	1	-1	-1	-1	-1	-1	1
C*01:06							-1	-1	-1	1	-1	1	1	1	1	-1	1	1	1	1	-1	-1		1	-1	1	1	1	1	-1	1	-1	1	-1	1	1	1	1	-1	1	1	-1	1	-1	1	1	1	1	1	-1	-1	1	-1	1	1	-1	-1	1	1	-1	-1	-1	-1	-1	1
C*01:08	-1	-1	1	-1	1	-1	-1	-1	-1	1	-1	1	1	1	1	-1	1	1	1	1	-1	-1		1	-1	1	1	1	1	-1	1	-1	1	-1	1	1	1	1	-1	1	1	-1	1	-1	1	1	1	1	1	-1	-1	1	-1	1	1	-1	-1	1	1	-1	-1	-1	-1	-1	1
C*01:106	-1	-1	1	-1	1	-1	-1	-1	-1	1	-1	1	1	1	1	-1	1	1	1	1	-1	-1		1	-1	1	1	1	1	-1	1	-1	1	-1	1	1	1	1	-1	1	1	-1	1	-1	1	1	1	1	1	-1	-1	1	-1	1	1	-1	-1	1	1	-1	-1	-1	-1	-1	1
C*01:110	-1	-1	1	-1	1	-1	-1	-1	-1	1	-1	1	1	1	1	-1	1	1	1	1	-1	-1		1	-1	1	1	1	1	-1	1	-1	1	-1	1	1	1	1	-1	1	1	-1	1	-1	1	1	1	1	1	-1	-1	1	-1	1	1	-1	-1	1	1	-1	-1	-1	-1	-1	1
C*01:117N				-1	1	-1	-1	-1	-1	1	-1	1	1	1	1	-1	1	1	1	1	-1	-1		1	-1	1	1	1	1	-1	1	-1	1	-1	1	1	1	1	-1	1	1	-1	1	-1	1	1	1	1	1	-1	-1	1	-1	1	1	-1	-1	1	1	-1	-1	-1	-1	-1	1
C*01:14							-1	-1	-1	1	-1	1	1	1	1	-1	-1	1	1	1	-1	-1		1	-1	1	1	1	1	-1	1	-1	1	-1	1	1	1	1	-1	1	1	-1	1	-1	1	1	1	1	1	-1	-1	1	-1	1	1	-1	-1	1	1	-1	-1	-1	-1	-1	1
C*01:21							-1	-1	-1	1	-1	1	1	-1	1	1	1	1	1	1	-1	-1	-1		-1	1	1	1	1	-1	1	-1	1	-1	1	1	1	1	-1	1	1	-1	-1	-1	1	1	1	1	-1	-1	-1	1	-1	1	1	-1	-1	1	1	-1	-1	-1	-1	-1	1
C*01:30	-1	-1	1	-1	1	-1	-1	-1	-1	1	-1	1	1	1	1	-1	1	1	1	1	-1	-1		1	-1	1	1	1	1	-1	1	-1	1	-1	1	1	1	1	-1	1	1	-1	1	-1	1	1	1	1	1	-1	-1	1	-1	1	1	-1	-1	1	1	-1	-1	-1	-1	-1	1
C*01:40				-1	1	-1	-1	-1	-1	1	-1	1	1	1	1	-1	1	1	1	1	-1	-1		1	-1	1	1	1	1	-1	1	-1	1	-1	1	1	1	1	-1	1	1	-1	1	-1	1	1	1	1	1	-1	-1	1	-1	1	1	-1	-1	1	1	-1	-1	-1	-1	-1	1
C*01:67	-1	-1	1	-1	1	-1	-1	-1	-1	1	-1	1	1	1	1	-1	1	1	1	1	-1	-1		1	-1	1	1	1	1	-1	1	-1	1	-1	1	1	1	1	-1	1	1	-1	1	-1	1	1	1	1	1	-1	-1	1	-1	1	1	-1	-1	1	1	-1	-1	-1	-1	-1	1
C*01:93	-1	-1	1	-1	1	-1	-1	-1	-1	1	-1	1	1	1	1	-1	1	1	1	1	-1	-1		1	-1	1	1	1	1	-1	1	-1	1	-1	1	1	1	1	-1	1	1	-1	1	-1	1	1	1	1	1	-1	-1	1	-1	1	1	-1	-1	1	1	-1	-1	-1	-1	-1	1
C*01:99	-1	-1	1	-1	1	-1	-1	-1	-1	1	-1	1	1	1	1	-1	1	1	1	1	-1	-1		1	-1	1	1	1	1	-1	1	-1	1	-1	1	1	1	1	-1	1	1	-1	1	-1	1	1	1	1	1	-1	-1	1	-1	1	1	-1	-1	1	1	-1	-1	-1	-1	-1	1
C*02:02:02:01	-1	-1	-1	1	1	-1	-1	-1	-1	1	1	-1	-1	-1	1	-1	-1	1	1	1	-1	-1	-1	-1	1	-1	1	1	1	-1	1	-1	1	-1	1	1	1	1	-1	1	1	-1	-1	-1	1	1	1	1	1	1	-1	1	-1	1	1	-1	-1	1	1	-1	-1	-1	-1	-1	1
C*02:06:02	-1	-1	-1	1	1	-1	-1	-1	-1	1	1	-1	-1	-1	1	-1	-1	1	1	1	-1	-1	1	-1	1	-1	1	1	1	-1	1	-1	1	-1	1	1	1	1	-1	1	1	-1	-1	-1	1	1	1	1	1	1	-1	1	-1	1	1	-1	-1	1	1	-1	-1	-1	-1	-1	1
C*02:10:01:01							-1	-1	-1	1	1	-1	-1	-1	1	-1	-1	1	1	1	-1	-1	-1		1	-1	1	1	1	-1	1	-1	1	-1	1	1	1	1	-1	1	1	-1	-1	-1	1	1	1	1	1	1	-1	1	-1	1	1	-1	-1	1	1	-1	-1	-1	-1	-1	1
C*02:10:01:02	-1	-1	-1	1	1	-1	-1	-1	-1	1	1	-1	-1	-1	1	-1	-1	1	1	1	-1	-1	-1		1	-1	1	1	1	-1	1	-1	1	-1	1	1	1	1	-1	1	1	-1	-1	-1	1	1	1	1	1	1	-1	1	-1	1	1	-1	-1	1	1	-1	-1	-1	-1	-1	1
C*02:16:02				1	1	-1	-1	-1	-1	1	1	-1	-1	-1	1	-1	-1	1	1	1	-1	-1	-1	-1	1	-1	1	1	1	-1	1	-1	1	-1	1	1	1	1	-1	1	1	-1	-1	-1	1	1	1	1	1	1	-1	1	-1	1	1	-1	-1	1	1	-1	-1	-1	-1	-1	1
C*02:69						-1	-1	-1	-1	1	1	-1	-1	-1	1	-1	-1	1	1	1	-1	-1	-1	-1	1	-1	1	1	1	-1	1	-1	1	-1	1	1	1	1	-1	1	1	-1	-1	-1	1	1	1	1	1	1	-1	1	-1	1	1	-1	-1	1	1	-1	-1	-1	-1	-1	1
C*03:02:01							-1		-1	1	1	-1	-1	1	1	-1	1	1	1	1	-1	1	-1				1	1	1	-1	1	-1	1	-1	1	1	1	1	-1	1	1	-1	1	-1	1	1	1	1	1	-1	-1	1	-1	1	1	-1	-1	1	1	-1	-1	-1	-1	-1	1
C*03:03:01	-1	-1	1	-1	1	-1	-1		-1	1	1	-1	-1	1	1	-1	1	1	1	1	-1	1					1	1	1	-1	1	-1	1	-1	1	1	1	1	-1	1	1	-1	1	-1	1	1	1	1	1	-1	-1	1	-1	1	1	-1	-1	1	1	-1	-1	-1	-1	-1	1
C*03:04:01:01	-1	-1	1	-1	1	-1	-1		-1	1	1	-1	-1	1	1	-1	1	1	1	1	-1	1					1	1	1	-1	1	-1	1	-1	1	1	1	1	-1	1	1	-1	1	-1	1	1	1	1	1	-1	-1	1	-1	1	1	-1	-1	1	1	-1	-1	-1	-1	-1	1
C*03:05							-1		-1	1	1	-1	-1	1	1	-1	1	1	1	1	-1	1					1	1	1	-1	1	-1	1	-1	1	1	1	1	-1	1	1	-1	1	-1	1	1	1	1	1	-1	-1	1	-1	1	1	-1	-1	1	1	-1	-1	-1	-1	-1	1
C*03:06:01							-1		-1	1	1	-1	-1	1	1	-1	1	1	1	1	-1	1					1	1	1	-1	1	-1	1	-1	1	1	1	1	-1	1	1	-1	1	-1	1	1	1	1	1	-1	-1	1	-1	1	1	-1	-1	1	1	-1	-1	-1	-1	-1	1
C*03:100				-1	1	-1	-1		-1	1	1	-1	-1	1	1	-1	1	1	1	1	-1	1					1	1	1	-1	1	-1	1	-1	1	1	1	1	-1	1	1	-1	1	-1	1	1	1	1	1	-1	-1	1	-1	1	1	-1	-1	1	1	-1	-1	-1	-1	-1	1
C*03:13:01							-1		-1	1	1	-1	-1	1	1	-1	1	1	1	1	-1	1					1	1	1	-1	1	-1	1	-1	1	1	1	1	-1	1	1	-1	1	-1	1	1	1	1	1	-1	-1	1	-1	1	1	-1	-1	1	1	-1	-1	-1	-1	-1	1
C*03:140	-1	-1	1	-1	1	-1	-1		-1	1	1	-1	-1	1	1	-1	1	1	1	1	-1	1					1	1	1	-1	1	-1	1	-1	1	1	1	1	-1	1	1	-1	1	-1	1	1	1	1	1	-1	-1	1	-1	1	1	-1	-1	1	1	-1	-1	-1	-1	-1	1
C*03:192	-1	-1	1	-1	1	-1	-1		-1	1	1	-1	-1	1	1	-1	1	1	1	1	-1	1					1	1	1	-1	1	-1	1	-1	1	1	1	1	-1	1	1	-1	1	-1	1	1	1	1	1	-1	-1	1	-1	1	1	-1	-1	1	1	-1	-1	-1	-1	-1	1
C*03:20N	-1	-1	1	-1	1	-1	-1		-1	1	1	-1	-1	1	1	-1	1	1	1	1	-1	1					1	1	1	-1	1	-1	1	-1	1	1	1	1	-1	1	1	-1	1	-1	1	1	1	1	1	-1	-1	1	-1	1	1	-1	-1	1	1	-1	-1	-1	-1	-1	1
C*03:219							-1		-1	1	1	-1	-1	1	1	-1	1	1	1	1	-1	1					1	1	1	-1	1	-1	1	-1	1	1	1	1	-1	1	1	-1	1	-1	1	1	1	1	1	-1	-1	1	-1	1	1	-1	-1	1	1	-1	-1	-1	-1	-1	1
C*03:243							-1		-1	1	1	-1	-1	1	1	-1	1	1	1	1	-1	1					1	1	1	-1	1	-1	1	-1	1	1	1	1	-1	1	1	-1	1	-1	1	1	1	1	1	-1	-1	1	-1	1	1	-1	-1	1	1	-1	-1	-1	-1	-1	1
C*03:250	-1	-1	1	-1	1	-1	-1		-1	1	1	-1	-1	1	1	-1	1	1	1	1	-1	1	1				1	1	1	-1	1	-1	1	-1	1	1	1	1	-1	1	1	-1	1	-1	1	1	1	1	1	-1	-1	1	-1	1	1	-1	-1	1	1	-1	-1	-1	-1	-1	1
C*03:251	-1	-1	1	-1	1	-1	-1		-1	1	1	-1	-1	1	1	-1	1	1	1	1	-1	1			-1	1	1	1	1	1	1	-1	1	-1	1	1	1	1	-1	1	1	-1	-1	-1	1	1	1	1	-1	-1	-1	1	-1	1	1	-1	-1	1	1	-1	-1	-1	-1	-1	1
C*03:261	-1	-1	1	-1	1	-1	-1		-1	1	1	-1	-1	1	1	-1	1	1	1	1	-1	1			1	-1	1	1	1	-1	1	-1	1	-1	1	1	1	1	-1	1	1	-1	1	-1	1	1	1	1	1	-1	-1	1	-1	1	1	-1	-1	1	1	-1	-1	-1	-1	-1	1
C*03:271	-1	-1	1	-1	1	-1	-1		-1	1	1	-1	-1	1	1	-1	1	1	1	1	-1	1	-1				1	1	1	-1	1	-1	1	-1	1	1	1	1	-1	1	1	-1	1	-1	1	1	1	1	1	-1	-1	1	-1	1	1	-1	-1	1	1	-1	-1	-1	-1	-1	1
C*03:285	-1	-1	1	-1	1	-1	-1		-1	1	1	-1	-1	1	1	-1	1	1	1	1	-1	1					1	1	1	-1	1	-1	1	-1	1	1	1	1	-1	1	1	-1	1	-1	1	1	1	1	1	-1	-1	1	-1	1	1	-1	-1	1	1	-1	-1	-1	-1	-1	1
C*03:286	-1	-1	1	-1	1	-1	-1		-1	1	1	-1	-1	1	1	-1	1	1	1	1	-1	1					1	1	1	-1	1	-1	1	-1	1	1	1	1	-1	1	1	-1	1	-1	1	1	1	1	1	-1	-1	1	-1	1	1	-1	-1	1	1	-1	-1	-1	-1	-1	1
C*03:287	-1	-1	1	-1	1	-1	-1		-1	1	1	-1	-1	1	1	-1	1	1	1	1	-1	1		-1			1	1	1	-1	1	-1	1	-1	1	1	1	1	-1	1	1	-1	1	-1	1	1	1	1	1	-1	-1	1	-1	1	1	-1	-1	1	1	-1	-1	-1	-1	-1	1
C*03:288	-1	-1	1	-1	1	-1	-1		-1	1	1	-1	-1	1	1	-1	1	1	1	1	-1	1					1	1	1	-1	1	-1	1	-1	1	1	1	1	-1	1	1	-1	1	-1	1	1	1	1	1	-1	-1	1	-1	1	1	-1	-1	1	1	-1	-1	-1	-1	-1	1
C*03:289	-1	-1	1	-1	1	-1	-1		-1	1	1	-1	-1	1	1	-1	1	1	1	1	-1	1					1	1	1	-1	1	-1	1	-1	1	1	1	1	-1	1	1	-1	1	-1	1	1	1	1	1	-1	-1	1	-1	1	1	-1	-1	1	1	-1	-1	-1	-1	-1	1
C*03:290	-1	-1	1	-1	1	-1	-1		-1	1	1	-1	-1	1	1	-1	1	1	1	1	-1	1					1	1	1	-1	1	-1	1	-1	1	1	1	1	-1	1	1	-1	1	-1	1	1	1	1	1	-1	-1	1	-1	1	1	-1	-1	1	1	-1	-1	-1	-1	-1	1
C*03:40:01							-1		-1	1	1	-1	-1	1	1	-1	1	1	1	1	-1	1	-1				1	1	1	-1	1	-1	1	-1	1	1	1	1	-1	1	1	-1	1	-1	1	1	1	1	1	-1	-1	1	-1	1	1	-1	-1	1	1	-1	-1	-1	-1	-1	1
C*03:41:02	-1	-1	1	-1	1	-1	-1		-1	1	1	-1	-1	1	1	-1	1	1	1	1	-1	1					1	1	1	-1	1	-1	1	-1	1	1	1	1	-1	1	1	-1	1	-1	1	1	1	1	1	-1	-1	1	-1	1	1	-1	-1	1	1	-1	-1	-1	-1	-1	1
C*03:46				-1	1	-1	-1		-1	1	1	-1	-1	1	1	-1	1	1	1	1	-1	1					1	1	1	-1	1	-1	1	-1	1	1	1	1	-1	1	1	-1	1	-1	1	1	1	1	1	-1	-1	1	-1	1	1	-1	-1	1	1	-1	-1	-1	-1	-1	1
C*03:51	-1	-1	1	-1	1	-1	-1		-1	1	1	-1	-1	1	1	-1	1	1	1	1	-1	1					1	1	1	-1	1	-1	1	-1	1	1	1	1	-1	1	1	-1	1	-1	1	1	1	1	1	-1	-1	1	-1	1	1	-1	-1	1	1	-1	-1	-1	-1	-1	1
C*03:61							-1		-1	1	1	-1	-1	1	1	-1	1	1	1	1	-1	1					1	1	1	-1	1	-1	1	-1	1	1	1	1	-1	1	1	-1	1	-1	1	1	1	1	1	-1	-1	1	-1	1	1	-1	-1	1	1	-1	-1	-1	-1	-1	1
C*03:87:02	-1	-1	1	-1	1	-1	-1		-1	1	1	-1	-1	1	1	-1	1	1	1	1	-1	1					1	1	1	-1	1	-1	1	-1	1	1	1	1	-1	1	1	-1	1	-1	1	1	1	1	1	-1	-1	1	-1	1	1	-1	-1	1	1	-1	-1	-1	-1	-1	1
C*04:01:01:01	-1	1	1	-1	1	-1	-1	-1	-1	1	-1	1	-1	-1	1	1	-1	-1	-1	1	-1	-1	1		-1	1	1	1	1	-1	1	-1	1	-1	1	1	1	1	-1	1	1	-1	1	-1	1	1	1	1	1	-1	-1	1	-1	1	1	-1	-1	1	1	-1	-1	-1	-1	-1	1
C*04:03:01	-1	1	1	-1	1	-1	-1	-1	-1	1	1	-1	-1	-1	1	1	-1	-1	-1	1	-1	-1	1		-1	1	1	1	1	-1	1	-1	1	-1	1	1	1	1	-1	1	1	-1	1	-1	1	1	1	1	1	-1	-1	1	-1	1	1	-1	-1	1	1	-1	-1	-1	-1	-1	1
C*04:06	-1	1	1	-1	1	-1	-1	-1	-1	1	1	-1	-1	-1	1	1	-1	-1	-1	1	-1	-1	1		-1	1	1	1	1	-1	1	-1	1	-1	1	1	1	1	-1	1	1	-1	1	-1	1	1	1	1	1	-1	-1	1	-1	1	1	-1	-1	1	1	-1	-1	-1	-1	-1	1
C*04:09N							-1	-1	-1	1	-1	1	-1	-1	1	1	-1	-1	-1	1	-1	-1	1		-1	1	1	1	1	-1	1	-1	1	-1	1	1	1	1	-1	1	1	-1	1	-1	1	1	1	1	1	-1	-1	1	-1	1	1	-1	-1	1	1	-1	-1	-1	-1	-1	1
C*04:10	-1	1	1	-1	1	-1	-1	-1	-1	1	-1	1	-1	-1	1	-1	-1	-1	-1	1	-1	-1	1		-1	1	1	1	1	-1	1	-1	1	-1	1	1	1	1	-1	1	1	-1	1	-1	1	1	1	1	1	-1	-1	1	-1	1	1	-1	-1	1	1	-1	-1	-1	-1	-1	1
C*04:128					1	-1	-1	-1	-1	1	-1	1	-1	-1	1	1	-1	-1	-1	1	-1	-1	1		-1	1	1	1	1	-1	1	-1	1	-1	1	1	1	1	-1	1	1	-1	1	-1	1	1	1	1	1	-1	-1	1	-1	1	1	-1	-1	1	1	-1	-1	-1	-1	-1	1
C*04:13	-1	1	1	-1	1	-1	-1	-1	-1	1	-1	1	-1	-1	1	1	-1	-1	-1	1	-1	-1	1		-1	1	1	1	1	-1	1	-1	1	-1	1	1	1	1	-1	1	1	-1	1	-1	1	1	1	1	1	-1	-1	1	-1	1	1	-1	-1	1	1	-1	-1	-1	-1	-1	1
C*04:145	-1	1	1	-1	1	-1	-1	-1	-1	1	-1	1	-1	-1	1	1	-1	-1	-1	1	-1	-1	1		-1	1	1	1	1	-1	1	-1	1	-1	1	1	1	1	-1	1	1	-1	1	-1	1	1	1	1	1	-1	-1	1	-1	1	1	-1	-1	1	1	-1	-1	-1	-1	-1	1
C*04:155				-1	1	-1	-1	-1	-1	1	-1	1	-1	-1	1	1	-1	-1	-1	1	-1	-1	1		-1	1	1	1	1	-1	1	-1	1	-1	1	1	1	1	-1	1	1	-1	1	-1	1	1	1	1	1	-1	-1	1	-1	1	1	-1	-1	1	1	-1	-1	-1	-1	-1	1
C*04:15:02							-1	-1	-1	1	-1	1	-1	-1	1	1	-1	-1	-1	1	-1	-1	1		-1	1	1	1	1	-1	1	-1	1	-1	1	1	1	1	-1	1	1	-1	1	-1	1	1	1	1	1	-1	-1	1	-1	1	1	-1	-1	1	1	-1	-1	-1	-1	-1	1
C*04:161			1	-1	1	-1	-1	-1	-1	1	-1	1	-1	-1	1	1	-1	-1	-1	1	-1	-1	1		-1	1	1	1	1	-1	1	-1	1	-1	1	1	1	1	-1	1	1	-1	1	-1	1	1	1	1	1	-1	-1	1	-1	1	1	-1	-1	1	1	-1	-1	-1	-1	-1	1
C*04:177	-1	1	1	-1	1	-1	-1	-1	-1	1	-1	1	-1	-1	1	1	-1	-1	-1	1	-1	-1	1		-1	-1	1	1	1	-1	1	-1	1	-1	1	1	1	1	-1	1	1	-1	1	-1	1	1	1	1	1	-1	-1	1	-1	1	1	-1	-1	1	1	-1	-1	-1	-1	-1	1
C*04:186	-1	1	1	-1	1	-1	-1	-1	-1	1	-1	1	-1	-1	1	1	-1	-1	-1	1	-1	-1	1		-1	1	1	1	1	-1	1	-1	1	-1	1	1	1	1	-1	1	1	-1	1	-1	1	1	1	1	1	-1	-1	1	-1	1	1	-1	-1	1	1	-1	-1	-1	-1	-1	1
C*04:187							-1	-1	-1	1	-1	1	-1	-1	1	1	-1	-1	-1	1	-1	-1	1		-1	1	1	1	1	-1	1	-1	1	-1	1	1	1	1	-1	1	1	-1	1	-1	1	1	1	1	1	-1	-1	1	-1	1	1	-1	-1	1	1	-1	-1	-1	-1	-1	1
C*04:188	-1	1	1	-1	1	-1	-1	-1	-1	1	-1	1	-1	-1	1	1	-1	-1	-1	1	-1	-1	1		-1	1	1	1	1	-1	1	-1	1	-1	1	1	1	1	-1	1	1	-1	1	-1	1	1	1	1	1	-1	-1	1	-1	1	1	-1	-1	1	1	-1	-1	-1	-1	-1	1
C*04:189	-1	1	1	-1	1	-1	-1	-1	-1	1	-1	1	-1	-1	1	1	-1	-1	-1	1	-1	-1	1		-1	1	1	1	1	-1	1	-1	1	-1	1	1	1	1	-1	1	1	-1	1	-1	1	1	1	1	1	-1	-1	1	-1	1	1	-1	-1	1	1	-1	-1	-1	-1	-1	1
C*04:191N							-1	-1	-1	1	-1	1	-1	-1	1	1	-1	-1	-1	1	-1	-1	1		-1	1	1	1	1	-1	1	-1	1	-1	1	1	1	1	-1	1	1	-1	1	-1	1	1	1	1	1	-1	-1	1	-1	1	1	-1	-1	1	1	-1	-1	-1	-1	-1	1
C*04:198	-1	1	1	-1	1	-1	-1	-1	-1	1	-1	1	-1	-1	1	1	-1	-1	-1	1	-1	-1	1		-1	1	1	1	1	-1	1	-1	1	-1	1	1	1	1	-1	1	1	-1	1	-1	1	1	1	1	1	-1	-1	1	-1	1	1	-1	-1	1	1	-1	-1	-1	-1	-1	1
C*04:199	-1	1	1	-1	1	-1	-1	-1	-1	1	-1	1	-1	-1	1	1	-1	-1	-1	1	-1	-1	1		-1	1	1	1	1	-1	1	-1	1	-1	1	1	1	1	-1	1	1	-1	1	-1	1	1	1	1	1	-1	-1	1	-1	1	1	-1	-1	1	1	-1	-1	-1	-1	-1	1
C*04:200	-1	1	1	-1	1	-1	-1	-1	-1	1	-1	1	-1	-1	1	1	-1	-1	-1	1	-1	-1	1		-1	1	1	1	1	-1	1	-1	1	-1	1	1	1	1	-1	1	1	-1	1	-1	1	1	1	1	1	-1	-1	1	-1	1	1	-1	-1	1	1	-1	-1	-1	-1	-1	1
C*04:201	-1	1	1	-1	1	-1	-1	-1	-1	1	-1	1	-1	-1	1	1	-1	-1	-1	1	-1	-1	1		-1	1	1	1	1	-1	1	-1	1	-1	1	1	1	1	-1	1	1	-1	1	-1	1	1	1	1	1	-1	-1	1	-1	1	1	-1	-1	1	1	-1	-1	-1	-1	-1	1
C*04:42:02	-1	1	1	-1	1	-1	-1	-1	-1	-1	-1	1	-1	-1	1	1	-1	-1	-1	1	-1	-1	1		-1	1	1	1	1	-1	1	-1	1	-1	1	1	1	1	-1	1	1	-1	1	-1	1	1	1	1	1	-1	-1	1	-1	1	1	-1	-1	1	1	-1	-1	-1	-1	-1	1
C*04:70				-1	1	-1	-1	-1	-1	1	-1	1	-1	-1	1	1	-1	-1	-1	1	-1	-1	1		-1	1	1	1	1	-1	1	-1	1	-1	1	1	1	1	-1	1	1	-1	1	-1	1	1	1	1	1	-1	-1	1	-1	1	1	-1	-1	1	1	-1	-1	-1	-1	-1	1
C*04:71					1	-1	-1	-1	-1	1	-1	1	-1	-1	1	1	-1	-1	-1	1	-1	-1	1		-1	1	1	1	1	-1	1	-1	1	-1	1	1	1	1	-1	1	1	-1	1	-1	1	1	1	1	1	-1	-1	1	-1	1	1	-1	-1	1	1	-1	-1	-1	-1	-1	1
C*05:01:01:01	-1	-1	1	1	1	-1	-1	-1	-1	1	-1	1	-1	-1	1	-1	-1	1	1	1	-1	-1	1		-1	1	1	1	1	1	1	-1	1	-1	1	1	1	1	-1	1	1	-1	-1	-1	1	1	1	1	-1	-1	-1	1	-1	1	1	-1	-1	1	1	-1	-1	-1	-1	-1	1
C*05:08				1	1	-1	-1	-1	-1	1	-1	1	-1	-1	1	-1	-1	1	1	1	-1	-1	1		-1	1	1	1	1	1	1	-1	1	-1	1	1	1	1	-1	1	1	-1	-1	-1	1	1	1	1	-1	-1	-1	1	-1	1	1	-1	-1	1	1	-1	-1	-1	-1	-1	1
C*05:09:01	-1	-1	1	1	1	-1	-1	-1	-1	1	-1	1	-1	-1	1	-1	-1	1	1	1	-1	-1	1		-1	1	1	1	1	1	1	-1	1	-1	1	1	1	1	-1	1	1	-1	-1	-1	1	1	1	1	-1	-1	-1	1	-1	1	1	-1	-1	1	1	-1	-1	-1	-1	-1	1
C*05:109							-1	-1	-1	1	-1	1	-1	-1	1	-1	-1	1	1	1	-1	-1	1		-1	1	1	1	1	1	1	-1	1	-1	1	1	1	1	-1	1	1	-1	-1	-1	1	1	1	1	-1	-1	-1	1	-1	1	1	-1	-1	1	1	-1	-1	-1	-1	-1	1
C*05:110	-1	-1	1	1	1	-1	-1	-1	-1	1	-1	1	-1	-1	1	-1	-1	1	1	1	-1	-1	1		-1	1	1	1	1	1	1	-1	1	-1	1	1	1	1	-1	1	1	-1	-1	-1	1	1	1	1	-1	-1	-1	1	-1	1	1	-1	-1	1	1	-1	-1	-1	-1	-1	1
C*05:111	-1	-1	1	1	1	-1	-1	-1	-1	1	-1	1	-1	-1	1	-1	-1	1	1	1	-1	-1	1		-1	1	1	1	1	1	1	-1	1	-1	1	1	1	1	-1	1	1	-1	-1	-1	1	1	1	1	-1	-1	-1	1	-1	1	1	-1	-1	1	1	-1	-1	-1	-1	-1	1
C*05:113N							-1	-1	-1	1	-1	1	-1	-1	1	-1	-1	1	1	1	-1	-1	1		-1	1	1	1	1	1	1	-1	1	-1	1	1	1	1	-1	1	1	-1	-1	-1	1	1	1	1	-1	-1	-1	1	-1	1	1	-1	-1	1	1	-1	-1	-1	-1	-1	1
C*05:117	-1	-1	1	1	1	-1	-1	-1	-1	1	-1	1	-1	-1	1	-1	-1	1	1	1	-1	-1	1		-1	1	1	1	1	1	1	-1	1	-1	1	1	1	1	-1	1	1	-1	-1	-1	1	1	1	1	-1	-1	-1	1	-1	1	1	-1	-1	1	1	-1	-1	-1	-1	-1	1
C*05:118	-1	-1	1	1	1	-1	-1	-1	-1	1	-1	1	-1	-1	1	-1	-1	1	1	1	-1	-1	1		-1	1	1	1	1	1	1	-1	1	-1	1	1	1	1	-1	1	1	-1	-1	-1	1	1	1	1	-1	-1	-1	1	-1	1	1	-1	-1	1	1	-1	-1	-1	-1	-1	1
C*05:128N	-1	-1	1	1	1	-1	-1	-1	-1	1	-1	1	-1	-1	1	-1	-1	1	1	1	-1	-1	1		-1	1	1	1	1	1	1	-1	1	-1	1	1	1	1	-1	1	1	-1	-1	-1	1	1	1	1	-1	-1	-1	1	-1	1	1	-1	-1	1	1	-1	-1	-1	-1	-1	1
C*05:37	-1	-1	1	1	1	-1	-1	-1	-1	1	-1	1	-1	-1	1	-1	-1	1	1	1	-1	-1	1		-1	1	1	1	1	1	1	-1	1	-1	1	1	1	1	-1	1	1	-1	-1	-1	1	1	1	1	-1	-1	-1	1	-1	1	1	-1	-1	1	1	-1	-1	-1	-1	-1	1
C*05:92N	-1	-1	1	1	1	-1	-1	-1	-1	1	-1	1	-1	-1	1	-1	-1	1	1	1	-1	-1	1		-1	1	1	1	1	1	1	-1	1	-1	1	1	1	1	-1	1	1	-1	-1	-1	1	1	1	1	-1	-1	-1	1	-1	1	1	-1	-1	1	1	-1	-1	-1	-1	-1	1
C*05:93					1	-1	-1	-1	-1	1	-1	1	-1	-1	1	-1	-1	1	1	1	-1	-1	1		-1	1	1	1	1	1	1	-1	1	-1	1	1	1	1	-1	1	1	-1	-1	-1	1	1	1	1	-1	-1	-1	1	-1	1	1	-1	-1	1	1	-1	-1	-1	-1	-1	1
C*05:98	-1	-1	1	1	1	-1	-1	-1	-1	1	-1	1	1	-1	1	-1	-1	1	1	1	-1	-1	1		-1	1	1	1	1	1	1	-1	1	-1	1	1	1	1	-1	1	1	-1	-1	-1	1	1	1	1	-1	-1	-1	1	-1	1	1	-1	-1	1	1	-1	-1	-1	-1	-1	1
C*06:02:01:01	-1	-1	1	1	1	-1	-1	-1	1	-1	-1	1	1	1	1	1	-1	-1	1	1	-1	-1	-1		-1	1	1	1	1	-1	1	-1	1	-1	1	1	1	1	-1	1	1	-1	-1	-1	1	1	1	1	-1	-1	-1	1	-1	1	1	-1	-1	1	1	-1	-1	-1	-1	-1	1
C*06:04:02	-1	-1	1	1	1	-1	-1	-1	1	-1	-1	1	1	1	1	1	-1	-1	1	1	-1	-1	-1		-1	1	1	1	1	-1	1	-1	1	-1	1	1	1	1	-1	1	1	-1	-1	-1	1	1	1	1	-1	-1	-1	1	-1	1	1	-1	-1	1	1	-1	-1	-1	-1	-1	1
C*06:103	-1	-1	1	1	1	-1	-1	-1	1	-1	-1	1	1	1	1	1	-1	-1	1	1	-1	-1			-1	1	1	1	1	-1	1	-1	1	-1	1	1	1	1	-1	1	1	-1	-1	-1	1	1	1	1	-1	-1	-1	1	-1	1	1	-1	-1	1	1	-1	-1	-1	-1	-1	1
C*06:106:02	-1	-1	1	1	1	-1	-1	-1	1	-1	-1	1	1	1	1	1	-1	-1	1	1	-1	-1	-1		-1	1	1	1	1	-1	1	-1	1	-1	1	1	1	1	-1	1	1	-1	-1	-1	1	1	1	1	-1	-1	-1	1	-1	1	1	-1	-1	1	1	-1	-1	-1	-1	-1	1
C*06:120							-1	-1	1	-1	-1	1	1	1	1	1	-1	-1	1	1	-1	-1	-1		-1	1	1	1	1	-1	1	-1	1	-1	1	1	1	1	-1	1	1	-1	-1	-1	1	1	1	1	-1	-1	-1	1	-1	1	1	-1	-1	1	1	-1	-1	-1	-1	-1	1
C*06:127:01	-1	-1	1	1	1	-1	-1	-1	1	-1	-1	1	1	1	1	1	-1	-1	1	1	-1	-1	-1		-1	1	1	1	1	-1	1	-1	1	-1	1	1	1	1	-1	1	1	-1	-1	-1	1	1	1	1	-1	-1	-1	1	-1	1	1	-1	-1	1	1	-1	-1	-1	-1	-1	1
C*06:138	-1	-1	1	1	1	-1	-1	-1	1	-1	-1	1	1	1	1	-1	-1	-1	1	1	-1	-1	-1		-1	1	1	1	1	-1	1	-1	1	-1	1	1	1	1	-1	1	1	-1	-1	-1	1	1	1	1	-1	-1	-1	1	-1	1	1	-1	-1	1	1	-1	-1	-1	-1	-1	1
C*06:142	-1	-1	1	1	1	-1	-1	-1	1	-1	-1	1	1	1	1	1	-1	-1	1	1	-1	-1	-1		-1	1	1	1	1	-1	1	-1	1	-1	1	1	1	1	-1	1	1	-1	-1	-1	1	1	1	1	-1	-1	-1	1	-1	1	1	-1	-1	1	1	-1	-1	-1	-1	-1	1
C*06:146	-1	-1	1	1	1	-1	-1	-1	1	-1	-1	1	1	1	1	1	-1	-1	1	1	-1	-1	-1		-1	1	1	1	1	-1	1	-1	1	-1	1	1	1	1	-1	1	1	-1	-1	-1	1	1	1	1	-1	-1	-1	1	-1	1	1	-1	-1	1	1	-1	-1	-1	-1	-1	1
C*06:147							-1	-1	1	-1	-1	1	1	1	-1	-1	1	-1	1	1	-1	-1	-1		-1	1	1	1	1	-1	1	-1	1	-1	1	1	1	1	-1	1	1	-1	-1	-1	1	1	1	1	-1	-1	-1	1	-1	1	1	-1	-1	1	1	-1	-1	-1	-1	-1	1
C*06:148							-1	-1	-1	-1	-1	1	1	1	1	1	-1	-1	1	1	-1	-1	-1		-1	1	1	1	1	-1	1	-1	1	-1	1	1	1	1	-1	1	1	-1	-1	-1	1	1	1	1	-1	-1	-1	1	-1	1	1	-1	-1	1	1	-1	-1	-1	-1	-1	1
C*06:149	-1	-1	1	1	1	-1	-1	-1	1	-1	-1	1	1	1	1	1	-1	-1	1	1	-1	-1	-1		-1	1	1	1	1	-1	1	-1	1	-1	1	1	1	1	-1	1	1	-1	-1	-1	1	1	1	1	-1	-1	-1	1	-1	1	1	-1	-1	1	1	-1	-1	-1	-1	-1	1
C*06:153	-1	-1	1	1	1	-1	-1	-1	1	-1	-1	1	1	1	1	1	-1	-1	1	1	-1	-1	-1		-1	1	1	1	1	-1	1	-1	1	-1	1	1	1	1	-1	1	1	-1	-1	-1	1	1	1	1	-1	-1	-1	1	-1	1	1	-1	-1	1	1	-1	-1	-1	-1	-1	1
C*06:154	-1	-1	1	1	1	-1	-1	-1	1	-1	-1	1	1	1	1	1	-1	-1	1	1	-1	-1	-1		-1	1	1	1	1	-1	1	-1	1	-1	1	1	1	1	-1	1	1	-1	-1	-1	1	1	1	1	-1	-1	-1	1	-1	1	1	-1	-1	1	1	-1	-1	-1	-1	-1	1
C*06:155	-1	-1	1	1	1	-1	-1	-1	-1	-1	-1	1	1	1	1	1	-1	-1	1	1	-1	-1	-1		-1	1	1	1	1	-1	1	-1	1	-1	1	1	1	1	-1	1	1	-1	-1	-1	1	1	1	1	-1	-1	-1	1	-1	1	1	-1	-1	1	1	-1	-1	-1	-1	-1	1
C*06:156	-1	-1	1	1	1	-1	-1	-1	1	-1	-1	1	1	1	1	1	-1	-1	1	1	-1	-1	-1		-1	1	1	1	1	-1	1	-1	1	-1	1	1	1	1	-1	1	1	-1	-1	-1	1	1	1	1	-1	-1	-1	1	-1	1	1	-1	-1	1	1	-1	-1	-1	-1	-1	1
C*06:160	-1	-1	1	1	1	-1	-1	-1	-1	-1	-1	1	1	1	1	1	-1	-1	1	1	-1	-1	-1		-1	1	1	1	1	-1	1	-1	1	-1	1	1	1	1	-1	1	1	-1	-1	-1	1	1	1	1	-1	-1	-1	1	-1	1	1	-1	-1	1	1	-1	-1	-1	-1	-1	1
C*06:23	-1	-1	1	1	1	-1	-1	-1	1	-1	-1	1	1	1	1	1	-1	-1	1	1	-1	-1	-1		-1	1	1	1	1	-1	1	-1	1	-1	1	1	1	1	-1	1	1	-1	-1	-1	1	1	1	1	-1	-1	-1	1	-1	1	1	-1	-1	1	1	-1	-1	-1	-1	-1	1
C*06:24	-1	-1	1	1	1	-1	-1	-1	1	-1	-1	1	1	1	1	1	-1	-1	1	1	-1	-1	-1		-1	1	1	1	1	-1	1	-1	1	-1	1	1	1	1	-1	1	1	-1	-1	-1	1	1	1	1	-1	-1	-1	1	-1	1	1	-1	-1	1	1	-1	-1	-1	-1	-1	1
C*06:46N				1	1	-1	-1	-1	1	-1	-1	1	1	1	1	1	-1	-1	1	1	-1	-1	-1		-1	1	1	1	1	-1	1	-1	1	-1	1	1	1	1	-1	1	1	-1	-1	-1	1	1	1	1	-1	-1	-1	1	-1	1	1	-1	-1	1	1	-1	-1	-1	-1	-1	1
C*06:76:01	-1	-1	1	1	1	-1	-1	-1	1	1	-1	1	-1	1	1	1	-1	-1	1	1	-1	-1	-1		-1	1	1	1	1	-1	1	-1	1	-1	1	1	1	1	-1	1	1	-1	-1	-1	1	1	1	1	-1	-1	-1	1	-1	1	1	-1	-1	1	1	-1	-1	-1	-1	-1	1
C*07:01:01:01	1	1	1	-1	-1	1	1	1	1	-1	-1	1	1	1	-1	1	1	-1	-1	-1	1	1	-1	1	-1	1	-1	-1	-1	1	-1	1	-1	1	-1	-1	-1	-1	1	-1	-1	1	1	1	-1	-1	-1	-1	-1	-1	1	-1	1	-1	-1	1	1	-1	-1	1	1	1	1	1	-1
C*07:149				-1	-1	1	1	1	1	-1	-1	1	1	1	1	1	1	-1	-1	-1	1	1	-1	1	-1	1	-1	-1	-1	1	-1	1	-1	1	-1	-1	-1	-1	1	-1	-1	1	1	1	-1	-1	-1	-1	-1	-1	1	-1	1	-1	-1	1	1	-1	-1	1	1	1	1	1	-1
C*07:205							1	1	1	-1	-1	1	1	1	-1	1	1	-1	-1	-1	1	1	-1	1	-1	1	-1	-1	-1	1	-1	1	-1	1	-1	-1	-1	-1	1	-1	-1	1	1	1	-1	-1	-1	-1	-1	-1	1	-1	1	-1	-1	1	1	-1	-1	1	1	1	1	1	-1
C*07:26:01				-1	-1	1	1	1	1	1	-1	1	1	1	-1	1	1	-1	-1	-1	1	1	-1	1	-1	1	-1	-1	-1	1	-1	1	-1	1	-1	-1	-1	-1	1	-1	-1	1	1	1	-1	-1	-1	-1	-1	-1	1	-1	1	-1	-1	1	1	-1	-1	1	1	1	1	1	-1
C*07:30							1	1	1	-1	-1	1	1	1	-1	1	1	-1	-1	-1	1	1	-1	1	-1	1	-1	-1	-1	1	-1	1	-1	1	-1	-1	-1	-1	1	-1	-1	1	1	1	-1	-1	-1	-1	-1	-1	1	-1	1	-1	-1	1	1	-1	-1	1	1	1	1	1	-1
C*07:403	-1	-1	1	-1	-1	1	1	1	1	-1	-1	1	1	1	1	1	1	-1	-1	-1	1	1	1	1	-1	1	1	-1	-1	1	-1	1	-1	1	-1	-1	-1	-1	1	-1	-1	1	1	1	-1	-1	-1	-1	-1	-1	1	-1	1	-1	-1	1	1	1	-1	1	1	1	1	1	-1
C*08:01:01	-1	-1	1	1	1	-1	-1	-1	-1	1	-1	1	-1	-1	1	-1	1	1	1	1	-1	-1	1		-1	1	1	1	1	1	1	-1	1	-1	1	1	1	1	-1	1	1	-1	-1	-1	1	1	1	1	-1	-1	-1	1	-1	1	1	-1	-1	1	1	-1	-1	-1	-1	-1	1
C*08:02:01:01	-1	-1	1	1	1	-1	-1	-1	-1	1	-1	1	-1	-1	1	-1	1	1	1	1	-1	-1	1		-1	1	1	1	1	1	1	-1	1	-1	1	1	1	1	-1	1	1	-1	-1	-1	1	1	1	1	-1	-1	-1	1	-1	1	1	-1	-1	1	1	-1	-1	-1	-1	-1	1
C*08:03:01	-1	-1	1	1	1	-1	-1	-1	-1	1	-1	1	-1	-1	1	-1	1	1	1	1	-1	-1	1		-1	1	1	1	1	1	1	-1	1	-1	1	1	1	1	-1	1	1	-1	-1	-1	1	1	1	1	-1	-1	-1	1	-1	1	1	-1	-1	1	1	-1	-1	-1	-1	-1	1
C*08:04:01							-1	-1	-1	1	-1	1	-1	-1	1	-1	1	1	1	1	-1	-1	1		-1	1	1	1	1	1	1	-1	1	-1	1	1	1	1	-1	1	1	-1	-1	-1	1	1	1	1	-1	-1	-1	1	-1	1	1	-1	-1	1	1	-1	-1	-1	-1	-1	1
C*08:103	-1	-1	1	1	1	-1	-1	-1	-1	1	-1	1	1	-1	1	-1	1	1	1	1	-1	-1	1		-1	1	1	1	1	1	1	-1	1	-1	1	1	1	1	-1	1	1	-1	-1	-1	1	1	1	1	-1	-1	-1	1	-1	1	1	-1	-1	1	1	-1	-1	-1	-1	-1	1
C*08:112	-1	-1	1	1	1	-1	-1	-1	-1	1	-1	1	-1	-1	1	-1	1	1	1	1	-1	-1	1		-1	1	1	1	1	1	1	-1	1	-1	1	1	1	1	-1	1	1	-1	-1	-1	1	1	1	1	-1	-1	-1	1	-1	1	1	-1	-1	1	1	-1	-1	-1	-1	-1	1
C*08:113	-1	-1	1	1	1	-1	-1	-1	-1	1	-1	1	-1	-1	1	-1	1	1	1	1	-1	-1	-1		-1	1	1	1	1	1	1	-1	1	-1	1	1	1	1	-1	1	1	-1	-1	-1	1	1	1	1	-1	-1	-1	1	-1	1	1	-1	-1	1	1	-1	-1	-1	-1	-1	1
C*08:12							-1	-1	-1	1	-1	1	-1	-1	1	-1	1	1	1	1	-1	-1	1		-1	1	1	1	1	1	1	-1	1	-1	1	1	1	1	-1	1	1	-1	-1	-1	1	1	1	1	-1	-1	-1	1	-1	1	1	-1	-1	1	1	-1	-1	-1	-1	-1	1
C*08:127N	-1	-1	1	1	1	-1	-1	-1	-1	1	-1	1	-1	-1	1	-1	1	1	1	1	-1	-1	1		-1	1	1	1	1	1	1	-1	1	-1	1	1	1	1	-1	1	1	-1	-1	-1	1	1	1	1	-1	-1	-1	1	-1	1	1	-1	-1	1	1	-1	-1	-1	-1	-1	1
C*08:129N	-1	-1	1	1	1	-1	-1	-1	-1	1	-1	1	-1	-1	1	-1	1	1	1	1	-1	-1	1		-1	1	1	1	1	1	1	-1	1	-1	1	1	1	1	-1	1	1	-1	-1	-1	1	1	1	1	-1	-1	-1	1	-1	1	1	-1	-1	1	1	-1	-1	-1	-1	-1	1
C*08:20	-1	-1	1	1	1	-1	-1	-1	-1	1	-1	1	-1	-1	1	-1	1	1	1	1	-1	-1	1		-1	1	1	1	1	1	1	-1	1	-1	1	1	1	1	-1	1	1	-1	-1	-1	1	1	1	1	-1	-1	-1	1	-1	1	1	-1	-1	1	1	-1	-1	-1	-1	-1	1
C*08:21	-1	-1	1	1	1	-1	-1	-1	-1	1	-1	1	-1	-1	1	1	1	1	1	1	-1	-1	1		-1	1	1	1	1	1	1	-1	1	-1	1	1	1	1	-1	1	1	-1	-1	-1	1	1	1	1	-1	-1	-1	1	-1	1	1	-1	-1	1	1	-1	-1	-1	-1	-1	1
C*08:22	-1	-1	1	1	1	-1	-1	-1	-1	1	-1	1	-1	-1	1	-1	1	1	1	1	-1	-1	1		-1	1	1	1	1	1	1	-1	1	-1	1	1	1	1	-1	1	1	-1	-1	-1	1	1	1	1	-1	-1	-1	1	-1	1	1	-1	-1	1	1	-1	-1	-1	-1	-1	1
C*08:24							-1	-1	-1	1	-1	1	-1	-1	1	-1	1	1	1	1	-1	-1	1		-1	1	1	1	1	1	1	-1	1	-1	1	1	1	1	-1	1	1	-1	-1	-1	1	1	1	1	-1	-1	-1	1	-1	1	1	-1	-1	1	1	-1	-1	-1	-1	-1	1
C*08:27	-1	-1	1	1	1	-1	-1	-1	-1	1	-1	1	-1	-1	1	-1	1	1	1	1	-1	-1	1		-1	1	1	1	1	1	1	-1	1	-1	1	1	1	1	-1	1	1	-1	-1	-1	1	1	1	1	-1	-1	-1	1	-1	1	1	-1	-1	1	1	-1	-1	-1	-1	-1	1
C*08:36N			1	1	1	-1	-1	-1	-1	1	-1	1	-1	-1	1	-1	1	1	1	1	-1	-1	1		-1	1	1	1	1	1	1	-1	1	-1	1	1	1	1	-1	1	1	-1	-1	-1	1	1	1	1	-1	-1	-1	1	-1	1	1	-1	-1	1	1	-1	-1	-1	-1	-1	1
C*08:40				1	1	-1	-1	-1	-1	1	-1	1	-1	-1	1	-1	1	1	1	1	-1	-1	1		-1	1	1	1	1	1	1	-1	1	-1	1	1	1	1	-1	1	1	-1	-1	-1	1	1	1	1	-1	-1	-1	1	-1	1	1	-1	-1	1	1	-1	-1	-1	-1	-1	1
C*08:41				1	1	-1	-1	-1	-1	1	-1	1	-1	-1	1	-1	1	1	1	1	-1	-1	1				1	1	1	1	1	-1	1	-1	1	1	1	1	-1	1	1	-1	-1	-1	1	1	1	1	-1	-1	-1	1	-1	1	1	-1	-1	1	1	-1	-1	-1	-1	-1	1
C*08:62					1	-1	-1	-1	-1	1	-1	1	-1	-1	1	-1	1	1	1	1	-1	-1	1		-1	1	1	1	1	1	1	-1	1	-1	1	1	1	1	-1	1	1	-1	-1	-1	1	1	1	1	-1	-1	-1	1	-1	1	1	-1	-1	1	1	-1	-1	-1	-1	-1	1
C*08:72:02	-1	-1	1	1	1	-1	-1	-1	-1	1	-1	1	-1	-1	1	-1	1	1	1	1	-1	-1	1		-1	1	-1	1	1	1	1	-1	1	-1	1	1	1	1	-1	1	1	-1	-1	-1	1	1	1	1	-1	-1	-1	1	-1	1	1	-1	-1	1	1	-1	-1	-1	-1	-1	1
C*08:73	-1	-1	1	1	1	-1	-1	-1	-1	1	-1	1	-1	-1	1	-1	1	1	1	1	-1	-1	1		-1	1	1	1	1	1	1	-1	1	-1	1	1	1	1	-1	1	1	-1	-1	-1	1	1	1	1	-1	-1	-1	1	-1	1	1	-1	-1	1	1	-1	-1	-1	-1	-1	1
C*08:90	-1	-1	1	1	1	-1	-1	-1	-1	1	-1	1	-1	-1	1	-1	1	1	1	1	-1	-1	1		-1	1	1	1	1	1	1	-1	1	-1	1	1	1	1	-1	1	1	-1	-1	-1	1	1	1	1	-1	-1	-1	1	-1	1	1	-1	-1	1	1	-1	-1	-1	-1	-1	1
C*08:92	-1	-1	1	1	1	-1	-1	-1	-1	1	-1	1	-1	-1	1	-1	1	1	1	1	-1	-1	1		-1	1	1	1	1	1	1	-1	1	-1	1	1	1	1	-1	1	1	-1	-1	-1	1	1	1	1	-1	-1	-1	1	-1	1	1	-1	-1	1	1	-1	-1	-1	-1	-1	1
C*08:94	-1	-1	1	1	1	-1	-1	-1	-1	1	-1	1	-1	-1	1	-1	1	1	1	1	-1	-1	1		-1	1	1	1	1	1	1	-1	1	-1	1	1	1	1	-1	1	1	-1	-1	-1	1	1	1	1	-1	-1	-1	1	-1	1	1	-1	-1	1	1	-1	-1	-1	-1	-1	1
C*12:02:02	-1	-1	1	1	1	-1	-1	-1	-1	1	-1	1	-1	-1	1	1	1	1	1	1	-1	-1	-1		-1	1	1	1	1	-1	1	-1	1	-1	1	1	1	1	-1	1	1	-1	-1	-1	1	1	1	1	-1	-1	-1	1	-1	1	1	-1	-1	1	1	-1	-1	-1	-1	-1	1
C*12:03:01:01	-1	-1	1	1	1	-1	-1	-1	-1	1	-1	1	-1	-1	1	1	1	1	1	1	-1	-1	-1		-1	1	1	1	1	-1	1	-1	1	-1	1	1	1	1	-1	1	1	-1	-1	-1	1	1	1	1	-1	-1	-1	1	-1	1	1	-1	-1	1	1	-1	-1	-1	-1	-1	1
C*12:03:29	-1	-1	1	1	1	-1	-1	-1	-1	1	-1	1	-1	-1	1	1	1	1	1	1	-1	-1	-1		-1	1	1	1	1	-1	1	-1	1	-1	1	1	1	1	-1	1	1	-1	-1	-1	1	1	1	1	-1	-1	-1	1	-1	1	1	-1	-1	1	1	-1	-1	-1	-1	-1	1
C*12:08							-1	-1	-1	1	-1	1	-1	-1	-1	1	1	1	1	1	-1	-1	-1		-1	1	1	1	1	-1	1	-1	1	-1	1	1	1	1	-1	1	1	-1	-1	-1	1	1	1	1	-1	-1	-1	1	-1	1	1	-1	-1	1	1	-1	-1	-1	-1	-1	1
C*12:13				1	1	-1	-1	-1	-1	1	-1	1	-1	-1	1	1	1	1	1	1	-1	-1	-1		-1	1	1	1	1	-1	1	-1	1	-1	1	1	1	1	-1	1	1	-1	-1	-1	1	1	1	1	-1	-1	-1	1	-1	1	1	-1	-1	1	1	-1	-1	-1	-1	-1	1
C*12:139	-1	-1	1	1	1	-1	-1	-1	-1	1	-1	1	-1	-1	1	1	1	1	1	1	-1	-1	-1		-1	1	1	1	1	-1	1	-1	1	-1	1	1	1	1	-1	1	1	-1	-1	-1	1	1	1	1	-1	-1	-1	1	-1	1	1	-1	-1	1	1	-1	-1	-1	-1	-1	1
C*12:140	-1	-1	1	1	1	-1	-1	-1	-1	1	-1	-1	-1	-1	1	1	1	1	1	1	-1	-1	-1		-1	1	1	1	1	-1	1	-1	1	-1	1	1	1	1	-1	1	1	-1	-1	-1	1	1	1	1	-1	-1	-1	1	-1	1	1	-1	-1	1	1	-1	-1	-1	-1	-1	1
C*12:141	-1	-1	1	1	1	-1	-1	-1	-1	1	-1	1	-1	-1	1	1	1	1	1	1	-1	-1	-1		-1	1	1	1	1	-1	1	-1	1	-1	1	1	1	1	-1	1	1	-1	-1	-1	1	1	1	1	-1	-1	-1	1	-1	1	1	-1	-1	1	1	-1	-1	-1	-1	-1	1
C*12:153	-1	-1	1	1	1	-1	-1	-1	-1	1	-1	1	-1	-1	1	1	1	1	1	1	-1	-1	-1		-1	1	1	1	1	-1	1	-1	1	-1	1	1	1	1	-1	1	1	-1	-1	-1	1	1	1	1	-1	-1	-1	1	-1	1	1	-1	-1	1	1	-1	-1	-1	-1	-1	1
C*12:154	-1	-1	1	1	1	-1	-1	-1	-1	1	-1	1	-1	-1	1	1	-1	1	1	1	-1	-1	-1		-1	1	1	1	1	-1	1	-1	1	-1	1	1	1	1	-1	1	1	-1	-1	-1	1	1	1	1	-1	-1	-1	1	-1	1	1	-1	-1	1	1	-1	-1	-1	-1	-1	1
C*12:155Q	-1	-1	1	1	1	-1	-1	-1	-1	1	-1	1	-1	-1	1	1	1	1	1	1	-1	-1	-1		-1	1	1	1	1	-1	1	-1	1	-1	1	1	1	1	-1	1	1	-1	-1	-1	1	1	1	1	-1	-1	-1	1	-1	1	1	-1	-1	1	1	-1	-1	-1	-1	-1	1
C*12:156	-1	-1	1	1	1	-1	-1	-1	-1	1	-1	1	-1	-1	1	1	1	1	1	1	-1	-1	-1		-1	1	1	1	1	-1	1	-1	1	-1	1	1	1	1	-1	1	1	-1	-1	-1	1	1	1	1	-1	-1	-1	1	-1	1	1	-1	-1	1	1	-1	-1	-1	-1	-1	1
C*12:16	-1	-1	1	1	1	-1	-1	-1	-1	-1	-1	1	1	-1	1	1	1	1	1	1	-1	-1	-1		-1	1	1	1	1	-1	1	-1	1	-1	1	1	1	1	-1	1	1	-1	-1	-1	1	1	1	1	-1	-1	-1	1	-1	1	1	-1	-1	1	1	-1	-1	-1	-1	-1	1
C*12:160			1	1	1	-1	-1	-1	-1	1	-1	1	-1	-1	1	1	1	1	1	1	-1	-1	-1		-1	1	1	1	1	-1	1	-1	1	-1	1	1	1	1	-1	1	1	-1	-1	-1	1	1	1	1	-1	-1	-1	1	-1	1	1	-1	-1	1	1	-1	-1	-1	-1	-1	1
C*12:161	-1	-1	1	1	1	-1	-1	-1	-1	1	-1	1	-1	-1	1	1	1	1	1	1	-1	-1	-1		-1	1	1	1	1	-1	1	-1	1	-1	1	1	1	1	-1	1	1	-1	-1	-1	1	1	1	1	-1	-1	-1	1	-1	1	1	-1	-1	1	1	-1	-1	-1	-1	-1	1
C*12:19	-1	-1	1	1	1	-1	-1	-1	-1	1	-1	1	-1	-1	1	1	1	1	1	1	-1	-1	-1		-1	1	1	1	1	-1	1	-1	1	-1	1	1	1	1	-1	1	1	-1	-1	-1	1	1	1	1	-1	-1	-1	1	-1	1	1	-1	-1	1	1	-1	-1	-1	-1	-1	1
C*12:22							-1	-1	-1	1	-1	1	-1	-1	1	1	1	1	1	1	-1	-1	-1		-1	1	1	1	1	-1	1	-1	1	-1	1	1	1	1	-1	1	1	-1	-1	-1	1	1	1	1	-1	-1	-1	1	-1	1	1	-1	-1	1	1	-1	-1	-1	-1	-1	1
C*12:59	-1	-1	1	1	1	-1	-1	-1	-1	1	-1	1	-1	-1	1	1	1	1	1	1	-1	-1	-1		-1	1	1	1	1	-1	1	-1	1	-1	1	1	1	1	-1	1	1	-1	-1	-1	1	1	1	1	-1	-1	-1	1	-1	1	1	-1	-1	1	1	-1	-1	-1	-1	-1	1
C*12:73	-1	-1	1	1	1	-1	-1	-1	-1	1	-1	1	-1	-1	1	1	1	1	1	1	-1	-1	-1		-1	1	1	1	1	-1	1	-1	1	-1	1	1	1	1	-1	1	1	-1	-1	-1	1	1	1	1	-1	-1	-1	1	-1	1	1	-1	-1	1	1	-1	-1	-1	-1	-1	1
C*12:99	-1	-1	1	1	1	-1	-1	-1	-1	1	-1	1	-1	-1	1	1	1	1	1	1	-1	-1	-1		-1	1	1	1	1	-1	1	-1	1	-1	1	1	1	1	-1	1	1	-1	-1	-1	1	1	1	1	-1	-1	-1	1	-1	1	1	-1	-1	1	1	-1	-1	-1	-1	-1	1
C*14:02:01:01	-1	-1	1	-1	1	-1	-1	-1	-1	1	-1	1	-1	1	1	-1	1	1	-1	1	-1	-1	-1		-1	1	1	1	1	-1	1	-1	1	-1	1	1	1	1	-1	1	1	-1	1	-1	1	1	1	1	1	-1	-1	1	-1	1	1	-1	-1	1	1	-1	-1	-1	1	-1	1
C*14:03	-1	-1	1	-1	1	-1	-1	-1	-1	1	-1	-1	-1	-1	1	-1	1	1	-1	1	-1	-1	-1		-1	1	1	1	1	-1	1	-1	1	-1	1	1	1	1	-1	1	1	-1	1	-1	1	1	1	1	1	-1	-1	1	-1	1	1	-1	-1	1	1	-1	-1	-1	1	-1	1
C*14:21N			1	-1	1	-1	-1	-1	-1	1	-1	1	-1	1	1	-1	1	1	-1	1	-1	-1	-1		-1	1	1	1	1	-1	1	-1	1	-1	1	1	1	1	-1	1	1	-1	1	-1	1	1	1	1	1	-1	-1	1	-1	1	1	-1	-1	1	1	-1	-1	-1	1	-1	1
C*14:23				-1	1	-1	-1	-1	-1	1	-1	1	-1	1	1	-1	1	1	-1	1	-1	-1	-1		-1	1	1	1	1	-1	1	-1	1	-1	1	1	1	1	-1	1	1	-1	1	-1	1	1	1		1	-1	-1	1	-1	1	1	-1	-1	1	1	-1	-1	-1	1	-1	1
C*14:69	-1	-1	1	-1	1	-1	-1	-1	-1	1	-1	1	-1	1	1	-1	1	1	-1	1	-1	-1	-1		-1	1	1	1	1	-1	1	-1	1	-1	1	1	1	1	-1	1	1	-1	1	-1	1	1	1	1	1	-1	-1	1	-1	1	1	-1	-1	1	1	-1	-1	-1	1	-1	1
C*14:71	-1	-1	1	-1	1	-1	-1	-1	-1	1	-1	1	-1	1	1	-1	1	1	-1	1	-1	-1	-1		-1	1	1	1	1	-1	1	-1	1	-1	1	1	1	1	-1	1	1	-1	1	-1	1	1	1	1	1	-1	-1	1	-1	1	1	-1	-1	1	1	-1	-1	-1	1	-1	1
C*15:02:01:01	-1	-1	-1	1	1	-1	-1	-1	-1	1	1	-1	-1	-1	-1	-1	-1	1	1	1	-1	-1	1		-1	1	1	1	1	-1	1	-1	1	-1	1	1	1	1	-1	1	1	-1	-1	-1	1	1	1	1	1	1	-1	1	-1	1	1	-1	-1	1	1	-1	-1	-1	-1	-1	1
C*15:05:01	-1	-1	-1	1	1	-1	-1	-1	-1	1	1	-1	-1	-1	-1	-1	-1	1	1	1	-1	-1	1		-1	1	1	1	1	-1	1	-1	1	-1	1	1	1	1	-1	1	1	-1	-1	-1	1	1	1	1	1	-1	-1	1	-1	1	1	-1	-1	1	1	-1	-1	-1	-1	-1	1
C*15:104							-1	-1	-1	1	1	-1	-1	-1	-1	-1	-1	1	1	1	-1	-1	1		-1	1	1	1	1	-1	1	-1	1	-1	1	1	1	1	-1	1	1	-1	-1	-1	1	1	1	1	1	-1	-1	1	-1	1	1	-1	-1	1	1	-1	-1	-1	-1	-1	1
C*15:122N	-1	-1	-1	1	1	-1	-1	-1	-1	1	1	-1	-1	-1	-1	-1	-1	1	1	1	-1	-1	1		-1	1	1	1	1	-1	1	-1	1	-1	1	1	1	1	-1	1	1	-1	-1	-1	1	1	1	1	1	1	-1	1	-1	1	1	-1	-1	1	1	-1	-1	-1	-1	-1	1
C*15:13							-1	-1	-1	1	1	-1	-1	-1	-1	-1	-1	1	1	1	-1	-1	1		-1	1	1	1	1	-1	1	-1	1	-1	1	1	1	1	-1	1	1	-1	-1	-1	1	1	1	1	1	1	-1	1	-1	1	1	-1	-1	1	1	-1	-1	-1	-1	-1	1
C*15:16							-1	-1	-1	1	1	-1	-1	-1	1	1	-1	1	1	1	-1	-1	1		-1	1	1	1	1	-1	1	-1	1	-1	1	1	1	1	-1	1	1	-1	-1	-1	1	1	1	1	1	1	-1	1	-1	1	1	-1	-1	1	1	-1	-1	-1	-1	-1	1
C*15:17	-1	-1	-1	1	1	-1	-1	-1	-1	1	1	-1	-1	-1	1	-1	-1	1	1	1	-1	-1	1		-1	1	1	1	1	-1	1	-1	1	-1	1	1	1	1	-1	1	1	-1	-1	-1	1	1	1	1	1	1	-1	1	-1	1	1	-1	-1	1	1	-1	-1	-1	-1	-1	1
C*15:96Q	-1	-1	-1	1	1	-1	-1	-1	-1	1	1	-1	-1	-1	-1	-1	-1	1	1	1	-1	-1	1		-1	1	1	1	1	-1	1	-1	1	-1	1	1	1	1	-1	1	1	-1	-1	-1	1	1	1	1	1	1	-1	1	-1	1	1	-1	-1	1	1	-1	-1	-1	-1	-1	1
C*16:01:01:01	-1	-1	1	1	1	-1	-1	-1	-1	1	-1	1	-1	-1	1	-1	1	1	1	1	-1	-1	-1		-1	1	1	1	1	-1	1	-1	1	-1	1	1	1	-1	-1	1	1	-1	-1	-1	1	1	1	1	1	-1	-1	1	-1	1	1	-1	-1	1	1	-1	-1	-1	-1	-1	1
C*16:02:01	-1	-1	1	1	1	-1	-1	-1	-1	1	-1	1	-1	-1	1	-1	-1	1	1	1	-1	-1	-1		-1	1	1	1	1	-1	1	-1	1	-1	1	1	1	-1	-1	1	1	-1	-1	-1	1	1	1	1	1	-1	-1	1	-1	1	1	-1	-1	1	1	-1	-1	-1	-1	-1	1
C*16:04:01	-1	-1	1	1	1	-1	-1	-1	-1	1	-1	1	-1	-1	1	-1	1	1	1	1	-1	-1	-1		-1	1	1	1	1	-1	1	-1	1	-1	1	1	1	-1	-1	1	1	-1	-1	-1	1	1	1	1	1	-1	-1	1	-1	1	1	-1	-1	1	1	-1	-1	-1	-1	-1	1
C*16:84	-1	-1	1	1	1	-1	-1	-1	-1	1	-1	1	-1	-1	1	-1	-1	1	1	1	-1	-1	-1		-1	1	1	1	1	-1	1	-1	1	-1	1	1	1	-1	-1	1	1	-1	-1	-1	1	1	1	1	1	-1	-1	1	-1	1	1	-1	-1	1	1	-1	-1	-1	-1	-1	1
C*16:93	-1	-1	1	1	1	-1	-1	-1	-1	1	-1	1	-1	-1	1	-1	1	1	1	1	-1	-1	-1		-1	1	1	1	1	-1	1	-1	1	-1	1	1	1	-1	-1	1	1	-1	-1	-1	1	1	1	1	1	-1	-1	1	-1	1	1	-1	-1	1	1	-1	-1	-1	-1	-1	1
C*17:01:01:01	1	1	1	-1	1	-1	-1	-1	-1	1	-1	1	-1	1	1	1	-1	1	1	1	-1	-1	1		1	-1	1	-1	1	-1	1	-1	-1	-1	-1	-1	1	1	-1	-1	1	-1	1	-1	1	-1	1	-1	1	-1	-1		-1	-1	1	-1	-1	1	1	1	-1	-1	1	-1	1
C*17:03	1	1	1	-1	1	-1	-1	-1	-1	1	-1	1	-1	1	1	1	-1	1	1	1	-1	-1	1		1	-1	1	-1	1	-1	1	-1	-1	-1	-1	-1	1	1	-1	-1	1	-1	1	-1	1	-1	1	-1	1	-1	-1		-1	-1	1	-1	-1	1	1	1	-1	-1	1	-1	1
C*17:17	1	1	1	-1	1	-1	-1	-1	-1	1	-1	1	-1	1	1	1	-1	1	1	1	-1	-1	1		-1	1	1	-1	1	-1	1	-1	-1	-1	-1	-1	1	1	-1	-1	1	-1	1	-1	1	-1	1	-1	1	-1	-1		-1	-1	1	-1	-1	1	1	1	-1	-1	1	-1	1
C*17:30	1	1	1	-1	1	-1	-1	-1	-1	1	-1	1	-1	1	1	1	-1	1	1	1	-1	-1	1		1	-1	1	-1	1	-1	1	-1	-1	-1	-1	-1	1	1	-1	-1	1	-1	1	-1	1	-1	1	-1	1	-1	-1		-1	-1	1	-1	-1	1	1	1	-1	-1	1	-1	1
C*18:01	1	1	1	-1	-1	1	1	1	1	-1	-1	1	1	1	1	1	-1	-1	-1	1	-1	-1	1		-1	1	1	1	1	-1	1	-1	1	-1	1	1	1	1	-1	1	1	-1	1	-1	1	1	1	1	1	-1	-1	1	-1	1	1	-1	-1	1	1	-1	-1	-1	-1	-1	1
C*18:10	1	1	1	-1	-1	1	1	1	1	-1	-1	1	1	1	1	1	-1	-1	-1	1	-1	-1	1		-1	1	1	1	1	-1	1	-1	1	-1	1	1	1	1	-1	1	1	-1	1	-1	1	1	1	1	1	-1	-1	1	-1	1	1	-1	-1	1	1	-1	-1	-1	-1	-1	1
