	10902	10903	10905	10911	10917	10923	10930	10935	10936	10941	10944	10945	10947	10952	10954	10955	10957	10958	10959	10963	10966	10971	10972	10975	10976	10979	10984	10996	10999	11000	11002	11004	11005	11006	11008	11009	11010	11011	11012	11013	11014	11016	11020	11022	11031	11048	11051	11052	11056	11058	11062	11063	11065	11068	11071	11076	11083	11084	11086	11087	11093	11114	11133	11143	11144	11145	11147	11148	11152	11153	11173	11181	11182	11183	11184	11185	11186	11190	11192	11194	11195	11204	11206	11207	11208	11228	11231	11232	11244	11251	11260	11264	11265	11266	11268	11271	11283	11287	11288	11289	11290	11291	11292	11294	11296	11298	11312	11313
DRB1*01:01:01	-1	-1	-1	-1	-1	1	-1	-1	-1	1	1	1	1	1	1	-1	-1	-1	1	-1	-1	-1	1	1	-1	1	-1	1	-1	-1	-1	-1			-1	-1	-1	-1	1	-1	1	1	-1	-1	1	1	-1		-1	-1		1	1	-1	-1	1	-1		-1	-1	-1	-1	1	-1	1	1	-1	-1	-1	1		-1	1	-1	1	-1	-1	-1	1	1		-1	1	1	1	-1	-1	-1	-1	-1	-1	-1	-1	-1	-1	1	1	1	-1	-1	1	1	1	-1	1	1	1	1
DRB1*01:02:01	-1	-1	-1	-1	-1	1	-1	-1	-1	1	1	1	1	1	1	-1	-1	-1	1	-1	-1	-1	1	1	-1	1	-1	1	-1	-1	-1	-1			-1	-1	-1	-1	1	-1	1	1	-1	-1	1	1	-1		-1	-1		1	1	-1	-1	1	-1		-1	-1	-1	-1	1	-1	1	1	-1	-1	-1	1		-1	1	-1	1	-1	-1	-1	1	1		-1	1	1		1	1	1	-1	-1	-1	-1	-1	-1	-1	1	1	1	-1	-1	1	1	1	-1	1	1	1	1
DRB1*03:01:01:01	1	1	-1	-1	-1	-1		-1	-1	1	1	1	1	1	-1	-1	-1	1	1	-1	1	-1	-1	1	-1	1	-1	1		1	1	1	1		-1	1	-1	-1		-1	1	-1	-1	-1	1	1	1	-1	-1	1			-1	1	-1	-1	1	1	-1	-1	-1	1	1	-1	1	1	-1	-1	-1	1		-1	1	-1	1	-1	1	-1	-1	-1	1	1	1	1	1	-1	1	1	-1	-1	-1	-1	-1	-1	-1	1	1	1	-1	-1	1	1	-1	-1	-1	-1	-1	-1
DRB1*03:01:01:02	1	1	-1	-1	-1	-1		-1	-1	1	1	1	1	1	-1	-1	-1	1	1	-1	1	-1	-1	1	-1	1	-1	1		1	1	1	1		-1	1	-1	-1		-1	1	-1	-1	-1	1	1	1	-1	-1	1			-1	1	-1	-1	1	1	-1	-1	-1	1	1	-1	1	1	-1	-1	-1	1		-1	1	-1	1	-1	1	-1	-1	-1	1	1	1	1	1	-1	1	1	-1	-1	-1	-1	-1	-1	-1	1	1	1	-1	-1	1	1	-1	-1	-1	-1	-1	-1
DRB1*04:03:01					1				-1	1	1	-1	-1	1	-1	-1	1	1	-1	1	-1	-1	-1	1	1	1	1	1		1	-1	-1	-1		-1	-1	1	1	-1	-1	1	-1	-1	-1	-1	1	-1	-1	-1	1			-1	-1	1	1	-1	1	-1	-1	-1	-1	1	-1	1	1	-1	-1	-1	1		-1	1	-1	1	-1	-1	-1	1	1	-1	-1	1	1	1	-1	1	1	-1	-1	-1	-1	-1	-1	-1	1	1	1	-1	-1	1	1	-1	-1	1	1	1	1
DRB1*07:01:01:01	-1	-1	-1	-1	-1	-1	-1	-1	-1	-1	-1	-1	-1	-1	-1	-1	-1	-1	-1	-1	-1	-1	-1	-1	-1	-1	-1	-1	-1	-1	-1	-1	-1	-1	-1	-1	-1	-1	-1	-1	-1	-1	-1	-1	-1	-1	-1	-1	-1	-1	-1	-1	-1	-1	-1	-1	-1	-1	-1	-1	-1	-1	-1	-1	-1	-1	-1	-1	-1	-1	-1	-1	-1	-1	-1	-1	-1	-1	-1	-1	-1	-1	-1	-1	-1	-1	-1	-1	-1	-1	-1	-1	-1	-1	-1	-1	-1	-1	-1	-1	-1	-1	-1	-1	-1	-1	-1	-1
DRB1*07:01:01:02	-1	-1	-1	-1	-1	-1	-1	-1	-1	-1	-1	-1	-1	-1	-1	-1	-1	-1	-1	-1	-1	-1	-1	-1	-1	-1	-1	-1	-1	-1	-1	-1	-1	-1	-1	-1	-1	-1	-1	-1	-1	-1	-1	-1	-1	-1	-1	-1	-1	-1	-1	-1	-1	-1	-1	-1	-1	-1	-1	-1	-1	-1	-1	-1	-1	-1	-1	-1	-1	-1	-1	-1	-1	-1	-1	-1	-1	-1	-1	-1	-1	-1	-1	-1	-1	-1	-1	-1	-1	-1	-1	-1	-1	-1	-1	-1	-1	-1	-1	-1	-1	-1	-1	-1	-1	-1	-1	-1
DRB1*08:03:02		-1	-1	1	-1	1		-1	-1	1	1	1	1	1	-1	-1	-1	1	1	-1	1	-1	-1	1	-1	1	-1	1							1	-1	-1	-1	-1	-1	1	-1	1	-1	1	1	-1	-1	-1	1			-1	-1	-1	1	-1	1	-1	-1	-1	-1	1	1		-1	-1	-1	-1	1	-1	1	-1	-1	-1	-1	-1	-1	1	-1		-1	1	1	1	-1	-1	-1	-1	-1	-1	-1	-1	-1	-1	1	1	1	-1	-1	1	1	-1	-1	-1	-1	-1	-1
DRB1*09:21	1	-1	-1	-1	-1	1	1	1	-1	1	1	-1	-1	1	-1	-1	-1	-1	-1	-1	-1	-1	1	1	-1	1	-1	1	1	1	-1	-1	-1	1	-1	-1	-1	-1	1	-1	1	-1	-1	-1	-1	1	1	1	1	1	1	1	1	-1	-1	1	1	1	-1	-1	-1	-1	1	-1	-1	-1	-1	-1	-1	-1	1	-1	1	1	1	-1	-1	-1	1	1	-1	-1	-1	-1	-1	-1	-1	-1	-1	1	1	1	1	-1	1	1	-1	1	-1	-1	1	1	-1	1	-1	-1		
DRB1*10:01:01	1	1	-1	-1	-1	1	-1	-1	-1	1	1	1	1	1	-1	-1	-1	-1	1	-1	-1	-1	-1	1	-1	1	-1	1		1		-1	-1		-1	-1	-1	-1	1	-1	1	-1	-1	-1	-1	1	-1		-1	-1	-1	1		1	-1	1	-1	1	-1	1	1	-1	1	-1	1	1	-1	-1	-1	1		-1	1	1	1	-1	-1	1	1	1		-1	1	1	1	-1	-1	-1	-1	-1	-1	-1	-1	-1	-1	1	-1	1	-1	-1	1	1	-1	-1	-1	-1	1	1
DRB1*11:01:01		-1	-1	-1	-1	-1		-1	-1	1	1	1	1	1	-1	-1	-1	1	1	-1	1	-1	-1	1	-1	1	-1	1		1	1	1	1		-1	1	-1	-1		-1	1	-1	-1	-1	1	1	-1	-1	-1	1			-1	-1	-1	1	-1	1	-1	-1	-1	1	1	-1	1	1	1	1	-1	1	1	1	-1	-1	-1	-1	-1	-1	1	1		-1	1	1	1	-1	-1	-1	-1	-1	-1	-1	-1	-1	-1	1	1	1	-1	-1	1	1	-1	-1	-1	-1	-1	-1
DRB1*11:01:02		-1	-1	-1	-1	-1		-1	-1	1	1	1	1	1	-1	-1	-1	1	1	-1	1	-1	-1	1	-1	1	-1	1		1	1	1	1		-1	1	-1	-1		-1	1	-1	-1	-1	1	1	-1	-1	-1	1			-1	-1	-1	1	-1	1	-1	-1	-1	1	1	-1	1	1	1	1	-1	1	1	1	-1	-1	-1	-1	-1	-1	1	1		-1	1	1	1	-1	-1	-1	1	-1	-1	-1	-1	-1	-1	1	1	1	-1	-1	1	1	-1	-1	-1	-1	-1	-1
DRB1*11:04:01		-1	-1	-1	-1	-1		-1	-1	1	1	1	1	1	-1	-1	-1	1	1	-1	1	-1	-1	1	-1	1	-1	1		1	1	1	1		-1	1	-1	-1		-1	1	-1	-1	-1	1	1	-1	-1	-1	1			-1	-1	-1	1	-1	1	-1	-1	-1	1	1	-1	1	1	1	1	-1	1	1	1	-1	-1	-1	-1	-1	-1	1	1		-1	1	1	1	-1	1	1	-1	-1	-1	-1	-1	-1	-1	1	1	1	-1	-1	1	1	-1	-1	-1	-1	-1	-1
DRB1*12:01:01	1	1	-1	-1	-1	1	-1	-1	-1	1	1	1	1	1	-1	1	-1	1	1	-1	1	-1	-1	1	-1	1	-1	1							1	-1	-1	-1	-1	-1	1	-1	1	-1	1	1	-1		-1		-1		-1	1	-1	-1		-1	1	-1	-1	1	1	-1	-1	-1	-1	-1	-1	-1	-1	1	-1	-1	-1	-1	-1		1	1		-1	1	1		1	1	1	-1	-1	-1	-1	-1	-1	-1	1	1	1	-1	-1	1	1	-1	-1	-1	-1	1	1
DRB1*12:17	1	-1	-1	-1	-1	1	-1	-1	-1	1	1	1	1	1	-1	1	-1	1	1	-1	1	-1	-1	1	-1	1	-1	1							1	-1	-1	-1	-1	-1	1	-1	1	-1	1	1	-1		-1		-1		-1	1	-1	-1		-1	1	-1	-1	1	1	-1	-1	-1	-1	-1	-1	-1	-1	1	-1	-1	-1	-1	-1		1	1		-1	1	1		1	1	1	-1	-1	-1	-1	-1	-1	-1	1	1	1	-1	-1	1	1	-1	-1	-1	-1	1	1
DRB1*13:01:01		-1	-1	-1	-1	-1		-1	-1	1	1	1	1	1	-1	-1	-1	1	1	-1	1	-1	-1	1	-1	1	-1	1		1	1	1	1		-1	1	-1	-1		-1	1	-1	-1	-1	1	1	-1	-1	-1	1			-1	1	-1	-1	1	1	-1	-1	-1	1	1	-1	1	1	-1	-1	-1	1	-1	1	-1	-1	-1	1	1	-1	1	1		-1	1	1	1	-1	1	1	-1	-1	-1	-1	-1	-1	-1	1	1	1	-1	-1	1	1	-1	-1	-1	-1	-1	-1
DRB1*13:02:01		-1	-1	-1	-1	-1		-1	-1	1	1	1	1	1	-1	-1	-1	1	1	-1	1	-1	-1	1	-1	1	-1	1		1	1	1	1		-1	1	-1	-1		-1	1	-1	-1	-1	1	1	-1	-1	-1	1			-1	1	-1	-1	1	1	-1	-1	-1	1	1	-1	1	1	-1	-1	-1	1	-1	1	-1	-1	-1	1	1	-1	1	1		-1	1	1	1	-1	-1	-1	-1	-1	-1	-1	-1	-1	-1	1	1	1	-1	-1	1	1	-1	-1	-1	-1	-1	-1
DRB1*14:05:01	1	-1	-1	-1	-1	1		-1	-1	1	1	1	1	1	-1	-1	-1	1	1	-1	1	-1	-1	1	-1	1	-1	1		1	1	1	1		-1	1	-1	-1		-1	1	-1	-1	1	1	1	-1	-1	-1	1			-1	1	-1	-1	-1	-1	-1	-1	-1	-1	1	-1	1	1	-1		-1	1		-1	1	1	1	-1	-1	-1	1	1	-1	-1	1	1		-1	1	1	-1	-1	-1	-1	-1	-1	-1	1	1	1	-1	-1	1	1	-1	-1	-1	-1	1	1
DRB1*14:54:01	1	-1	-1	-1	-1	1		-1	-1	1	1	1	1	1	-1	-1	-1	1	1	-1	1	-1	-1	1	-1	1	-1	1		1	1	1	1		-1	1	-1	-1		-1	1	-1	-1	-1	1	1	-1	-1	-1	1			-1	1	-1	-1	-1	-1	-1	-1	-1	-1	1	-1		1	-1	1	1	1		-1	1	1	1	-1	-1	-1	1	1	-1	-1	1	1		-1	1	1	-1	-1	-1	-1	-1	-1	-1	1	1	1	-1	-1	1	1	-1	-1	-1	-1	1	1
DRB1*15:01:01:01	1	-1	1	-1	-1	1	-1	-1	1	1	1	1	1	1	-1	-1	-1	-1	-1	-1	-1	1	-1	1	-1	1	-1	-1	-1	-1	-1	-1			-1	-1	-1			1	1	-1	-1	-1	1	1	-1	-1	-1	1			-1	-1	-1	-1	-1		-1	-1	-1	1	1	-1	1	-1	-1		-1	1	-1	-1			-1	-1	-1	-1	-1	-1		-1	1	1	1	-1	1	1	-1	-1	-1	-1	-1	1	-1		1	1	-1	1	1	1	-1	-1	-1	-1	-1	-1
DRB1*15:01:01:02	1	-1	1	-1	-1	1	-1	-1	1	1	1	1	1	1	-1	-1	-1	-1	-1	-1	-1	1	-1	1	-1	1	-1	-1	-1	-1	-1	-1			-1	-1	-1			1	1	-1	-1	-1	1	1	-1	-1	-1	1			-1	-1	-1	-1	-1		-1	-1	-1	1	1	-1	1	-1	-1		-1	1	-1	-1			-1	-1	-1	-1	-1	-1		-1	1	1	1	-1	1	1	-1	-1	-1	-1	-1	1	-1		1	1	-1	1	1	1	-1	-1	-1	-1	-1	-1
DRB1*15:01:01:03	1	-1	1	-1	-1	1	-1	-1	1	1	1	1	1	1	-1	-1	-1	-1	-1	-1	-1	1	-1	1	-1	1	-1	-1	-1	-1	-1	-1			-1	-1	-1			1	1	-1	-1	-1	1	1	-1	-1	-1	1			-1	-1	-1	-1	-1		-1	-1	-1	1	1	-1	1	-1	-1		-1	1	-1	-1			-1	-1	-1	-1	-1	-1		-1	1	1	1	-1	1	1	-1	-1	-1	-1	-1	1	-1		1	1	-1	1	1	1	-1	-1	-1	-1	-1	-1
DRB1*15:01:01:04	1	-1	1	-1	-1	1	-1	-1	1	1	1	1	1	1	-1	-1	-1	-1	-1	-1	-1	1	-1	1	-1	1	-1	-1	-1	-1	-1	-1			-1	-1	-1			1	1	-1	-1	-1	1	1	-1	-1	-1	1			-1	-1	-1	-1	-1		-1	-1	-1	1	1	-1	1	-1	-1		-1	1	-1	-1			-1	-1	-1	-1	-1	-1		-1	1	1	1	-1	1	1	-1	-1	-1	-1	-1	1	-1		1	1	-1	1	1	1	-1	-1	-1	-1	-1	-1
DRB1*15:02:01	1	-1	1	-1	-1	1	-1	-1	1	1	1	1	1	1	-1	-1	-1	-1	-1	-1	-1	1	-1	1	-1	1	-1	-1	-1	-1	-1	-1			-1	-1	-1			1	1	-1	-1	-1	1	1	-1	-1	-1	1			-1	-1	-1	-1	-1		-1	-1	-1	1	1	-1	1	-1	-1		-1	1	-1	-1			-1	-1	-1	-1	-1	-1		-1	1	1	1	-1	-1	-1	-1	-1	-1	-1	-1	1	-1		1	1	-1	1	1	1	-1	-1	-1	-1	1	1
DRB1*15:03:01:01	1	-1	1	-1	-1	1	-1	-1	1	1	1	1	1	1	-1	-1	-1	-1	-1	-1	-1	1	-1	1	-1	1	-1	-1	-1	-1	-1	-1			-1	-1	-1			1	1	-1	-1	-1	1	1	-1	-1	-1	1	-1		-1	-1	-1	-1	-1		-1	-1	-1	1	1	-1	1	-1	-1		-1	1	-1	-1			-1	-1	-1	-1	-1	-1		-1	1	1	1	-1	1	1	-1	-1	-1	-1	-1	1	-1		1	1	-1	1	1	1	-1	-1	-1	-1	-1	-1
DRB1*15:03:01:02	1	-1	1	-1	-1	1	-1	-1	1	1	1	1	1	1	-1	-1	-1	-1	-1	-1	-1	1	-1	1	-1	1	-1	-1	-1	-1	-1	-1			-1	-1	-1			1	1	-1	-1	-1	1	1	-1	-1	-1	1	-1		-1	-1	-1	-1	-1		-1	-1	-1	1	1	-1	1	-1	-1		-1	1	-1	-1			-1	-1	-1	-1	-1	-1		-1	1	1	1	-1	1	1	-1	-1	-1	-1	-1	1	-1		1	1	-1	1	1	1	-1	-1	-1	-1	-1	-1
DRB1*16:02:01	1	-1	1	-1	-1	1	-1	-1	1	1	1	1	1	1	-1	-1	-1	-1	-1	-1	-1	1	-1	1	-1	1	-1	-1	-1	-1	-1	-1			-1	-1	-1			1	1	-1	-1	-1	1	1	-1	-1	-1	1			-1	-1	-1	-1	-1		-1	-1	-1	-1	1	-1	1	-1	-1		-1	1		1	-1	-1	-1	-1	-1		1	1		-1	1	1	1	-1	-1	-1	-1	-1	-1	1	1	-1		1	-1	1	1	-1	1	1	-1	-1	-1	-1	-1	-1
