	41	58	110	468	487	601	762	811	979	1192	1287	1365	1481	1499	1514	1524	1529	1568	1625	1633	1649	1668	1887	1898	2015	2220	2295	2328	2471	2634	2651	2718	2719	2745	2780	2789	2828	2854	2864	3017	3070	3380	3386	3395	3420	3466	3538	3637	3824	3840	3859	3866	3903	4248	4359	4377	4398	4472	4769	4799	5049	5170	5190	5200	5246	5400	5469	5481	5521	5683	5869	5894	5981	6071	6129	6598	6715	6799	6808	7058	7287	7303	7304	7329	7346	7371	7381	7392	7403	7578	7625	7892	7926	7948	8021	8076	8177	8259	8276	8295	8802	8838	9232	9243	9441	9677	9769	9838	9847	10036	10064	10253	10327	10359	10377	10444	10445	10522	10653	10654	10655	10656	10659	10668	10682	10735	10746	10747	10828	11020	11025
2DL4*00101													-1	-1	-1	-1	-1	-1	-1	-1	-1	-1								-1	-1	-1	1	-1	-1	-1	-1	1	-1																														-1																																							1	-1					-1	-1			-1	-1	-1	-1	-1	1	-1	-1	-1	-1	-1			
2DL4*0010201	-1	-1	-1	-1	-1	-1	-1	-1	-1	-1	-1	-1	-1	-1	-1	-1	-1	-1	-1	-1	-1	-1	-1	-1	-1	-1	-1	-1	-1	-1	-1	-1	-1	-1	-1	-1	-1	-1	-1	-1	-1	-1	-1	-1	-1	-1	-1	-1	-1	-1	-1	-1	-1	-1	-1	-1	-1	-1	-1	-1	-1	-1	-1	-1	-1	-1	-1	-1	-1	-1	-1	-1	-1	-1	-1	-1	-1	-1	-1	-1	-1	-1	-1	-1	-1	-1	-1	-1	-1	-1	-1	-1	-1	-1	-1	-1	-1	-1	-1	-1	-1	-1	-1	-1	-1	-1	-1	-1	-1	-1	-1	-1	-1	-1	-1	-1	-1	-1	-1	-1	-1	-1	-1	-1	-1	-1	-1	-1	-1	-1	-1
2DL4*0010202	-1	-1	-1	-1	-1	-1	-1	-1	-1	-1	-1	-1	-1	-1	-1	-1	-1	-1	-1	-1	-1	-1	-1	-1	-1	-1	-1	-1	-1	-1	-1	-1	-1	-1	-1	-1	-1	-1	-1	-1	-1	-1	-1	-1	-1	-1	-1	-1	-1	-1	-1	-1	-1	-1	-1	-1	-1	-1	-1	-1	1	-1	-1	-1	-1	-1	-1	-1	-1	-1	-1	-1	-1	-1	-1	-1	-1	-1	-1	-1	-1	-1	-1	-1	-1	-1	-1	-1	-1	-1	-1	-1	-1	-1	-1	-1	-1	-1	-1	-1	-1	-1	-1	-1	-1	-1	-1	-1	-1	-1	-1	-1	-1	-1	-1	-1	-1	-1	-1	-1	-1	-1	-1	-1	-1	-1	-1	-1	-1	-1	-1
2DL4*0010301				-1	-1	-1	-1	-1	1	-1	-1	-1	-1	-1	-1	-1	-1	-1	-1	-1	-1	-1	-1	1	-1	1	-1	-1	-1	-1	-1	-1	-1	-1	-1	-1	-1	-1	-1	1	-1	-1	-1	-1	-1	1	-1	-1	-1	1	-1	-1	-1	-1	-1	-1	-1	-1	-1	-1	-1	-1	-1	-1	-1	-1	1	-1	-1	-1	-1	-1	-1	-1	-1	-1	-1	-1	-1	-1	-1	-1	-1	-1	-1	-1	-1	-1	-1	-1	-1	1	-1	-1	-1	-1	-1	-1	-1	-1	-1	1	-1	-1	-1	-1	-1	-1	-1	-1	-1	-1	-1	-1	-1	-1	-1	-1	-1	-1	-1	-1	1	-1	-1	-1	-1	-1	-1		
2DL4*0010302				-1	-1	-1	-1	-1	-1	-1	-1	-1	-1	-1	-1	-1	-1	-1	-1	-1	-1	-1	-1	-1	-1	1	-1	-1	-1	-1	-1	-1	-1	-1	-1	-1	-1	-1	-1	1	-1	1	-1	-1	-1	1	-1	-1	-1	-1	-1	-1	-1	-1	-1	-1	-1	-1	-1	-1	-1	-1	-1	-1	-1	-1	-1	-1	-1	-1	-1	-1	-1	-1	-1	-1	-1	-1	-1	-1	-1	-1	-1	-1	-1	-1	-1	-1	-1	-1	-1	1	-1	-1	1	-1	-1	-1	-1	-1	-1	1	-1	-1	-1	-1	-1	-1	-1	-1	-1	-1	-1	-1	-1	-1	-1	-1	-1	-1	-1	-1	1	-1	-1	-1	-1	-1	-1		
2DL4*0010303	-1	-1	-1	-1	-1	-1	-1	-1	-1	-1	-1	-1	-1	-1	-1	-1	-1	-1	-1	-1	-1	-1	-1	-1	-1	-1	-1	-1	-1	-1	-1	-1	-1	-1	-1	-1	-1	-1	-1	-1	1	-1	-1	-1	-1	-1	-1	-1	-1	-1	-1	-1	-1	-1	-1	-1	-1	-1	-1	-1	-1	-1	-1	-1	-1	-1	-1	-1	-1	-1	-1	-1	-1	-1	-1	-1	-1	-1	-1	-1	-1	-1	-1	-1	-1	-1	-1	-1	-1	-1	-1	-1	-1	-1	-1	-1	-1	-1	-1	-1	-1	-1	-1	-1	-1	-1	-1	-1	-1	-1	-1	-1	-1	-1	-1	-1	-1	-1	-1	-1	-1	-1	1	-1	-1	-1	-1	-1	-1	1	-1
2DL4*0010304	1	-1	-1	-1	-1	-1	-1	-1	1	-1	-1	-1	-1	-1	-1	-1	-1	-1	-1	-1	-1	-1	-1	1	-1	1	-1	-1	-1	-1	-1	-1	-1	-1	-1	-1	-1	-1	-1	1	-1	-1	-1	-1	-1	1	-1	-1	-1	1	-1	-1	-1	-1	-1	-1	-1	-1	-1	-1	-1	-1	-1	-1	-1	-1	1	-1	-1	-1	-1	-1	-1	-1	-1	-1	-1	-1	-1	-1	-1	-1	-1	-1	-1	-1	-1	-1	-1	-1	-1	1	-1	-1	-1	-1	-1	-1	-1	-1	-1	1	-1	-1	-1	-1	-1	-1	-1	-1	-1	-1	-1	-1	-1	-1	-1	-1	-1	-1	-1	-1	1	-1	-1	-1	-1	-1	-1	1	1
2DL4*0010305	-1	-1	-1	-1	-1	-1	-1	-1	-1	-1	1	-1	-1	-1	-1	-1	-1	-1	-1	-1	-1	-1	-1	-1	-1	1	-1	-1	-1	-1	-1	-1	-1	-1	-1	-1	-1	-1	-1	1	-1	-1	-1	-1	-1	1	-1	-1	-1	-1	-1	-1	-1	-1	-1	-1	-1	-1	-1	-1	-1	1	-1	-1	-1	-1	-1	-1	-1	-1	-1	-1	-1	-1	-1	-1	-1	-1	-1	-1	-1	-1	-1	-1	-1	-1	-1	-1	-1	-1	-1	1	-1	1	-1	-1	-1	-1	-1	-1	-1	-1	-1	-1	-1	-1	-1	-1	-1	-1	-1	-1	-1	-1	-1	-1	-1	-1	-1	-1	-1	-1	1	-1	-1	-1	-1	-1	1	1	-1
2DL4*0010306	-1	-1	-1	-1	-1	-1	-1	-1	-1	-1	-1	-1	-1	-1	-1	-1	-1	-1	-1	-1	-1	-1	-1	-1	-1	-1	-1	-1	-1	-1	-1	-1	-1	-1	-1	-1	-1	-1	-1	-1	-1	-1	-1	-1	-1	-1	-1	-1	-1	-1	-1	-1	-1	-1	-1	-1	-1	-1	-1	-1	-1	-1	-1	-1	-1	-1	-1	-1	-1	-1	-1	-1	-1	-1	-1	-1	-1	-1	-1	-1	-1	-1	-1	-1	-1	-1	-1	-1	-1	-1	-1	-1	-1	-1	-1	-1	-1	-1	-1	-1	-1	-1	-1	-1	-1	-1	-1	-1	-1	-1	-1	-1	-1	-1	-1	-1	-1	-1	-1	-1	-1	-1	1	-1	-1	-1	-1	-1	-1	1	-1
2DL4*0010307	-1	-1	-1	-1	-1	-1	-1	-1	-1	-1	-1	-1	-1	-1	-1	-1	-1	-1	-1	-1	-1	-1	-1	-1	-1	1	-1	-1	-1	-1	-1	-1	-1	-1	-1	-1	-1	-1	-1	-1	-1	-1	-1	-1	-1	-1	-1	-1	-1	-1	-1	-1	-1	-1	-1	-1	-1	-1	1	-1	-1	-1	-1	-1	-1	-1	-1	-1	-1	-1	-1	-1	-1	-1	-1	-1	-1	-1	-1	-1	-1	-1	-1	-1	-1	-1	-1	-1	-1	-1	-1	-1	-1	-1	-1	-1	-1	-1	-1	-1	-1	-1	-1	-1	-1	-1	-1	-1	-1	-1	-1	-1	-1	-1	-1	-1	-1	-1	-1	-1	-1	-1	1	-1	-1	-1	-1	-1	-1	1	-1
2DL4*0010308	-1	-1	-1	-1	-1	-1	-1	-1	-1	-1	-1	1	-1	-1	-1	-1	-1	-1	-1	-1	-1	-1	1	-1	-1	1	-1	-1	-1	-1	-1	-1	-1	-1	-1	-1	-1	-1	-1	-1	-1	-1	-1	-1	-1	-1	-1	-1	-1	-1	-1	-1	-1	-1	-1	-1	-1	-1	-1	-1	-1	-1	-1	-1	-1	-1	-1	-1	-1	-1	-1	-1	-1	-1	-1	-1	-1	-1	-1	-1	-1	-1	-1	-1	-1	-1	-1	-1	-1	-1	-1	1	-1	1	-1	-1	1	1	1	-1	1	-1	1	-1	1	-1	-1	-1	-1	-1	-1	-1	1	-1	-1	-1	-1	-1	-1	-1	-1	-1	1	-1	-1	-1	-1	-1	-1	1	-1
2DL4*00104				-1	-1	-1	-1	1	-1	-1	1	-1	-1	-1	-1	-1	-1	-1	-1	-1	-1	-1	-1	-1	-1	1	-1	-1	-1	-1	-1	-1	1	-1	-1	-1	-1	-1	-1	1	-1	-1	-1	-1	-1	1	-1	-1	1	-1	-1	1	-1	-1	1	-1	-1	-1	-1	1	-1	-1	-1	1	-1	1	-1	-1	-1	-1	-1	-1	-1	-1	-1	-1	1	-1	1	-1	-1	-1	1	-1	-1	-1	-1	-1	1	-1	-1	1	-1	1	-1	-1	-1	-1	-1	-1	-1	-1	-1	-1	1	-1	-1	-1	-1	-1	-1	-1	-1	-1	-1	-1	-1	-1	-1	-1	-1	-1	1	-1	-1	-1	-1	-1	-1		
2DL4*00105													-1	-1	-1	-1	-1	-1	-1	-1	-1	-1								-1	-1	-1	-1	-1	-1	-1	-1	-1	-1																														-1																																							-1	-1					-1	1			-1	-1	-1	-1	-1	-1	-1	-1	-1	-1	-1			
2DL4*00201													-1	-1	-1	-1	-1	-1	-1	-1	-1	-1								-1	1	-1	1	-1	-1	-1	-1	-1	1																														-1																																							1	-1					-1	-1			-1	-1	-1	-1	-1	1	-1	-1	-1	-1	-1			
2DL4*00202													-1	-1	-1	-1	-1	-1	-1	-1	-1	-1								-1	1	-1	-1	-1	-1	-1	-1	-1	1																														-1																																							1	-1					-1	-1			-1	-1	-1	-1	-1	1	-1	-1	-1	-1	-1			
2DL4*003													-1	-1	-1	-1	-1	-1	1	1	-1	-1								-1	-1	-1	-1	-1	-1	-1	-1	-1	-1																														1																																							-1	1					-1	-1			-1	-1	-1	-1	-1	-1	1	-1	-1	1	1			
2DL4*004													-1	-1	-1	-1	-1	-1	1	-1	-1	-1								-1	1	-1	-1	-1	-1	-1	-1	-1	1																														1																																							-1	-1					-1	-1			-1	-1	-1	-1	-1	1	1	-1	-1	1	1			
2DL4*00501	-1	1	1	1	1	-1	-1	1	-1	-1	-1	-1	-1	-1	-1	1	-1	-1	-1	-1	-1	-1	-1	-1	1	1	1	1	-1	-1	1	-1	-1	-1	-1	-1	-1	-1	1	-1	-1	-1	-1	-1	-1	-1	-1	-1	1	-1	1	1	-1	1	-1	-1	1	-1	-1	1	-1	-1	-1	1	-1	1	-1	-1	-1	-1	1	1	-1	1	1	-1	1	-1	-1	1	-1	1	-1	-1	-1	-1	-1	1	-1	-1	1	1	1	1	-1	-1	-1	1	-1	-1	1	-1	1	-1	1	-1	-1	-1	-1	1	-1	-1	1	-1	-1	-1	-1	-1	-1	-1	-1	-1	1	-1	-1	-1	-1	-1	-1	1	-1
2DL4*00502													-1	-1	-1	1	-1	-1	-1	-1	-1	-1								-1	1	-1	-1	-1	-1	-1	-1	-1	1																														-1																																							-1	-1					-1	-1			-1	-1	-1	-1	-1	-1	-1	-1	-1	-1	-1			
2DL4*00601													-1	-1	-1	-1	-1	-1	-1	-1	-1	-1								1	1	-1	-1	-1	-1	-1	-1	-1	1																														1																																							-1	-1					-1	-1			-1	-1	-1	-1	-1	1	-1	-1	-1	-1	-1			
2DL4*00602	-1	1	1	1	-1	-1	1	1	-1	-1	-1	-1	-1	-1	-1	-1	-1	-1	-1	-1	-1	-1	-1	-1	-1	1	1	-1	-1	1	1	-1	-1	-1	-1	-1	-1	-1	1	-1	-1	-1	-1	-1	-1	1	1	1	1	-1	-1	1	-1	1	-1	-1	1	-1	-1	1	-1	-1	-1	1	-1	1	-1	-1	-1	1	-1	1	-1	1	-1	-1	1	-1	-1	-1	-1	-1	-1	1	-1	1	1	1	-1	1	-1	1	1	1	-1	1	1	-1	-1	-1	-1	-1	-1	1	-1	-1	-1	-1	-1	-1	-1	-1	-1	-1	-1	-1	-1	-1	-1	-1	-1	-1	1	-1	-1	-1	-1	-1	-1	1	-1
2DL4*007													-1	-1	-1	-1	-1	-1	-1	-1	1	1								-1	1	-1	-1	-1	-1	-1	-1	-1	1																														-1																																							1	-1					-1	-1			-1	1	-1	-1	-1	1	-1	-1	-1					
2DL4*0080101	-1	1	1	1	-1	1	-1	-1	-1	1	-1	-1	-1	-1	-1	-1	-1	-1	-1	-1	-1	-1	-1	-1	-1	1	1	-1	-1	-1	1	-1	-1	-1	-1	-1	-1	-1	1	-1	-1	-1	-1	1	-1	1	-1	-1	1	-1	-1	1	1	1	-1	1	1	1	-1	1	-1	-1	-1	1	-1	1	-1	1	-1	-1	-1	1	-1	1	-1	1	1	1	-1	-1	-1	-1	-1	-1	1	1	-1	-1	-1	-1	-1	1	-1	1	-1	-1	1	-1	-1	-1	1	-1	1	-1	1	1	1	1	-1	-1	1	-1	-1	-1	-1	1	1	-1	-1	-1	-1	-1	1	-1	-1	-1	-1	-1	-1		
2DL4*0080102													-1	-1	-1	-1	-1	-1	-1	-1	-1	-1								-1	1	-1	-1	-1	-1	-1	-1	-1	1																														-1																																							1	-1					-1	-1			-1	-1	1	-1	-1	1	-1	-1	-1	-1	-1			
2DL4*0080103				-1	-1	-1	1	-1	-1	-1	-1	-1	-1	-1	-1	-1	-1	-1	-1	-1	-1	-1	-1	-1	-1	1	1	-1	1	-1	1	-1	-1	-1	-1	-1	-1	-1	1	-1	-1	-1	-1	-1	1	1	-1	-1	1	-1	-1	1	-1	1	-1	-1	1	-1	-1	1	-1	-1	-1	1	-1	1	-1	-1	-1	-1	-1	1	-1	1	-1	1	1	-1	-1	-1	1	1	-1	-1	-1	-1	-1	1	-1	-1	-1	1	1	1	-1	-1	1	-1	-1	1	1	-1	1	-1	1	1	1	1	-1	-1	1	-1	-1	-1	-1	1	1	-1	-1	-1	-1	-1	1	-1	-1	-1	-1	-1	-1		
2DL4*0080104													-1	-1	-1	-1	-1	-1	-1	-1	-1	-1								-1	1	-1	-1	-1	-1	-1	-1	-1	1																														-1																																							1	-1					-1	-1			-1	-1	-1	-1	-1	1	-1	-1	1	-1	-1	-1		
2DL4*0080105	-1	1	1	1	-1	1	-1	-1	-1	1	-1	-1	-1	-1	-1	-1	-1	-1	-1	-1	-1	-1	-1	-1	-1	1	1	-1	-1	-1	1	-1	-1	-1	-1	-1	-1	-1	1	-1	-1	-1	-1	1	-1	1	-1	-1	1	-1	-1	1	1	1	-1	1	1	1	-1	1	-1	-1	1	1	-1	1	-1	1	-1	-1	-1	1	-1	1	-1	1	1	1	-1	-1	-1	-1	-1	-1	1	1	-1	-1	-1	-1	-1	1	-1	1	-1	-1	1	-1	-1	-1	1	-1	1	-1	1	1	1	1	-1	-1	1	-1	-1	-1	-1	1	1	-1	-1	-1	-1	-1	1	-1	-1	-1	-1	-1	-1	1	-1
2DL4*0080201				-1	-1	-1	1	1	-1	-1	-1	-1	-1	-1	-1	-1	-1	-1	-1	-1	-1	-1	-1	-1	-1	1	1	-1	1	-1	1	-1	1	-1	-1	-1	-1	-1	1	-1	-1	-1	-1	-1	1	1	-1	-1	1	-1	-1	1	-1	1	1	-1	1	-1	-1	1	-1	-1	-1	1	-1	1	-1	-1	-1	-1	-1	1	-1	1	-1	1	1	-1	1	-1	1	1	1	-1	-1	-1	-1	1	1	-1	-1	1	1	1	-1	-1	1	-1	-1	1	1	-1	1	-1	1	1	1	1	-1	-1	1	-1	-1	-1	-1	1	1	-1	-1	-1	-1	-1	1	-1	-1	-1	-1	-1	-1		
2DL4*0080202				1	-1	1	-1	1	-1	1	-1	-1	-1	-1	-1	-1	-1	-1	-1	-1	-1	-1	-1	-1	-1	1	1	-1	-1	-1	1	-1	1	-1	-1	-1	-1	-1	1	-1	-1	-1	-1	1	-1	1	-1	-1	1	-1	-1	1	1	1	1	1	1	1	-1	1	-1	-1	-1	1	-1	1	-1	1	-1	-1	-1	1	-1	1	-1	1	1	1	1	-1	-1	-1	1	-1	-1	1	-1	-1	1	-1	-1	1	-1	1	-1	-1	1	-1	-1	-1	1	-1	1	-1	1	1	1	1	-1	-1	1	-1	-1	-1	-1	1	1	-1	-1	-1	-1	-1	1	-1	-1	-1	-1	-1	-1		
2DL4*0080203	-1	1	1	-1	-1	-1	1	1	-1	-1	-1	-1	-1	-1	-1	-1	-1	-1	-1	-1	-1	-1	-1	-1	-1	1	1	-1	1	-1	1	-1	1	-1	-1	-1	-1	-1	1	-1	-1	-1	-1	-1	1	1	-1	-1	1	-1	-1	1	-1	1	1	-1	1	-1	-1	1	-1	-1	-1	1	-1	1	-1	-1	-1	-1	-1	1	-1	1	-1	1	1	-1	1	-1	1	1	1	-1	-1	-1	-1	1	1	-1	-1	1	1	1	-1	-1	1	-1	-1	-1	1	-1	1	-1	1	1	1	1	-1	-1	1	1	-1	-1	-1	1	1	-1	-1	-1	-1	-1	1	-1	-1	-1	-1	-1	-1	1	-1
2DL4*0080204	-1	1	1	-1	-1	-1	1	1	-1	-1	-1	-1	-1	-1	-1	-1	-1	-1	-1	-1	-1	-1	-1	-1	-1	1	1	-1	1	-1	1	-1	1	-1	-1	-1	-1	-1	1	-1	-1	-1	-1	-1	1	1	-1	-1	1	-1	-1	1	-1	1	1	-1	1	-1	-1	1	-1	-1	-1	1	-1	1	-1	-1	-1	-1	-1	1	-1	1	-1	1	1	-1	1	-1	1	1	1	-1	-1	-1	-1	1	1	-1	-1	1	1	1	-1	-1	1	-1	-1	1	1	-1	1	-1	1	1	1	1	-1	-1	1	-1	-1	-1	-1	1	1	-1	-1	-1	-1	-1	1	-1	-1	-1	-1	-1	-1	1	-1
2DL4*00901				-1	-1	-1	1	-1	-1	-1	-1	-1	-1	-1	-1	-1	-1	-1	-1	-1	-1	-1	-1	-1	-1	1	1	-1	1	-1	1	-1	-1	-1	-1	1	-1	-1	1	-1	-1	-1	-1	-1	1	1	-1	-1	1	-1	-1	1	-1	1	-1	-1	1	-1	-1	1	-1	-1	-1	1	-1	1	-1	-1	-1	-1	-1	1	-1	1	-1	1	1	-1	-1	-1	1	1	-1	-1	-1	-1	-1	1	-1	-1	-1	1	1	1	-1	-1	1	-1	-1	1	1	-1	1	-1	1	1	1	1	-1	-1	1	-1	-1	-1	-1	1	1	-1	-1	-1	-1	-1	1	-1	-1	-1	-1	-1	-1		
2DL4*00902													-1	-1	-1	-1	-1	-1	-1	-1	-1	-1								-1	1	-1	1	-1	-1	1	-1	-1	1																														-1																																							1	-1					-1	-1			-1	-1	-1	-1	-1	1	-1	-1	-1	-1	-1			
2DL4*010				1	-1	-1	1	1	-1	-1	-1	-1	-1	-1	-1	-1	-1	-1	-1	-1	-1	-1	-1	-1	-1	1	1	-1	-1	1	1	-1	-1	1	-1	-1	-1	-1	1	-1	-1	-1	-1	-1	-1	1		1	1	-1	-1	1	-1	1	-1	-1	1	-1	-1	1	-1	-1	-1	1	-1	1	-1	-1	-1	1	-1	1	-1	1	-1	-1	1	-1	-1	-1	-1	-1	-1	1	-1	1	1	1	-1	-1	-1	1	1	1	-1	-1	1	-1	-1	-1	-1	-1	-1	-1	-1	-1	-1	-1	-1	-1	-1	-1	-1	-1	-1	-1	-1	-1	-1	-1	-1	-1	1	-1	-1	-1	-1	-1	-1		
2DL4*011	-1	1	1	1	-1	-1	-1	1	-1	-1	-1	-1	-1	-1	-1	1	-1	-1	-1	-1	-1	-1	-1	-1	1	1	1	-1	-1	-1	1	-1	-1	-1	-1	-1	-1	-1	1	-1	-1	-1	1	-1	-1	1	-1	-1	1	-1	1	1	-1	1	-1	-1	1	-1	-1	1	-1	-1	-1	1	1	1	-1	-1	-1	-1	1	1	1	1	-1	-1	1	-1	-1	-1	-1	-1	-1	-1	-1	-1	-1	-1	-1	-1	-1	1	-1	1	-1	-1	1	-1	-1	-1	1	-1	1	-1	1	1	1	1	-1	-1	1	-1	-1	-1	-1	1	1	-1	-1	-1	-1	-1	1	-1	-1	-1	-1	-1	-1	1	-1
2DL4*01201													-1	-1	-1	1	-1	-1	-1	-1	-1	-1								-1	1	-1	-1	-1	-1	-1	-1	-1	1																														-1																																							-1	-1					-1	-1			1	-1	-1	-1	-1	1	-1	-1	-1	-1	-1			
2DL4*01202													-1	-1	-1	1	-1	-1	-1	-1	-1	-1								-1	1	-1	-1	-1	-1	-1	-1	-1	1																														-1																																							-1	-1					-1	-1			1	-1	-1	-1	1	1	-1	-1	-1	-1	-1			
2DL4*013													-1	-1	-1	-1	-1	-1	-1	-1	-1	-1								-1	-1	-1	-1	-1	-1	-1	-1	-1	-1																														-1																																							1	-1					-1	-1			-1	-1	-1	-1	-1	1	-1	-1	-1	-1	-1			
2DL4*014													1	-1	-1	1	-1	-1	-1	-1	-1	-1								-1	1	-1	-1	-1	-1	-1	-1	-1	1																														-1																																							-1	-1					-1	-1			-1	-1	-1	-1	-1	1	-1	-1	-1	-1	-1			
2DL4*015													-1	-1	1	-1	-1	-1	-1	-1	-1	-1								-1	-1	-1	-1	-1	-1	-1	-1	-1	-1																														-1																																							-1	-1					-1	-1			-1	-1	-1	-1	-1	-1	-1	-1	-1	-1	-1			
2DL4*016													-1	-1	-1	-1	-1	1	-1	-1	-1	-1								-1	-1	-1	-1	-1	-1	-1	-1	-1	-1																														-1																																							-1	-1					-1	-1			-1	-1	-1	-1	-1	-1	-1	-1	-1	-1	-1			
2DL4*017													-1	1	-1	-1	-1	-1	-1	-1	-1	-1								-1	1	-1	1	-1	-1	-1	-1	-1	1																														-1																																							1	-1					-1	-1			-1	-1	-1	-1	-1	1	-1	-1	-1	-1	-1			
2DL4*018													-1	-1	-1	-1	1	-1	-1	-1	-1	-1								-1	-1	-1	-1	-1	-1	-1	1	-1	-1																														-1																																							-1	-1					-1	-1			-1	-1	-1	-1	-1	1	-1	-1	-1	-1	-1			
2DL4*019													-1	-1	-1	-1	1	-1	-1	-1	-1	-1								-1	-1	-1	-1	-1	-1	-1	1	-1	-1																														-1																																							1	-1					-1	-1			-1	-1	-1	-1	-1	1	-1	-1	-1	-1	-1			
2DL4*020													-1	-1	-1	-1	-1	-1	-1	-1	-1	-1								-1	1	1	1	-1	-1	-1	-1	-1	1																														-1																																							1	-1					-1	-1			-1	-1	-1	-1	-1	1	-1	-1	-1	-1	-1			
2DL4*021													-1	-1	-1	-1	-1	-1	-1	-1	-1	-1								-1	-1	-1	-1	-1	1	-1	-1	-1	-1																														-1																																							-1	-1					-1	-1			-1	-1	-1	-1	-1	1	-1	-1	-1	-1	-1			
2DL4*022													-1	-1	-1	-1	-1	-1	-1	-1	-1	-1								-1	-1	-1	-1	-1	-1	-1	-1	-1	-1																														-1																																							-1	-1					-1	-1			-1	-1	-1	1	-1	1	-1	-1	-1	-1	-1			
2DL4*023													-1	-1	-1	-1	-1	-1	-1	-1	-1	-1								-1	-1	-1	-1	-1	-1	-1	1	-1	-1																														-1																																							-1	-1					-1	-1			-1	-1	-1	-1	-1	1	-1	-1	-1	-1	-1			
2DL4*024													-1	-1	-1	1	-1	-1	-1	-1	-1	-1								-1	1	-1	-1	-1	-1	-1	-1	-1	1																														-1																																							-1	-1					-1	-1			1	-1	-1	-1	-1	1	-1	1	-1	-1	-1			
2DL4*025													-1	-1	-1	1	-1	-1	-1	-1	-1	-1								-1	1	-1	-1	-1	-1	-1	-1	-1	1																														-1																																							-1	-1					-1	-1			-1	-1	-1	-1	-1	1	-1	1	-1	-1	-1			
2DL4*026													-1	-1	-1	-1	-1	-1	-1	-1	-1	-1								-1	-1	-1	-1	-1	-1	-1	-1	-1	-1																														-1																																							-1	-1					-1	-1			1	-1	-1	-1	-1	1	-1	1	-1	-1	-1			
2DL4*027													-1	-1	-1	-1	-1	-1	-1	-1	-1	-1								-1	-1	-1	-1	-1	-1	-1	-1	-1	-1																														-1																																							1	-1					1	-1			-1	-1	-1	-1	-1	1	-1	-1	-1	-1	-1			
